16806686|3328|1115.41|1666.16|869.747|-12288|128
370651|-20.7518|-236.193|92.0834|-20.7518|-236.193|92.0834
283161|-3296|7488|10896|-6368|576|10512
16782277|3346.18|1035.99|9973.04|1108.56|-1305.55|7547.77
16792097|2320|2528|8376|579.445|1661.93|7640.6
16799497|2757.91|311.877|452.03|-128|-418.892|-128
16794648|2784|3088|8406.61|1240|1148.19|7360
613242|1950.11|3008|7373.51|1312|941.304|7103.36
16795058|3834.77|970.877|9973.04|1129.03|-1305.55|7547.77
16779268|2757.91|311.877|280.32|-128|-404.926|-128
150892|45.2119|-1436.59|-40.4993|-798.68|-1760.08|-128
16789029|2104.5|3440.43|7296|1484|2304|6911.85
16779539|6277.84|4672|2048|-1251.34|-3136|312.99
16818439|9646.93|9648|1936|-3573.31|2438.71|192
324833|-270.646|2559.89|336|-1555.53|-3968|-0.499992
16812559|4479.78|3019.52|4491.57|2347.34|1704|3611.51
16779269|4152.14|9434.62|8413.93|-1504.22|1920|6623.41
16790040|4540.81|742.122|3625.62|3640|-64|-32.0762
122544|508.906|2102.49|7607.71|508.906|2102.49|7607.71
16779270|5504|2127.86|4461.92|417.322|-90.7524|3781.21
16782480|3072|6912|11183.3|-952|16|10423.3
14894|1192.83|220.753|-67.5873|1192.83|220.753|-67.5873
212494|2101.85|686.032|469.422|1831.7|353.994|331.212
16806810|2884.21|2434.95|3217.14|-543.999|-2612.61|1153.71
16792931|2158.66|3032.02|9184|-2208|-424.134|7351.71
133025|3550.39|3892.29|4922.81|1696|671.151|4768
16803661|540.854|880.141|256|-907.061|-194.163|-2394.09
831455|255.999|-103.965|0|255.999|-103.965|0
16779271|10373.9|15561.1|7328|-288|-20128|2855.71
16788781|2066.04|3440|7296|896|2449.04|6911.8
16794922|4000|16512|6928|-2593.89|327.225|5806.19
16803622|2047.64|2050.83|8063.61|2047.64|2050.83|8063.61
99616|3169.9|626.811|8218.59|2176.06|-525.963|7962.99
16792932|5833.03|1501.67|8669.18|0|-3328|7542.47
133026|2560|3684.33|2464|-256|458.783|1888
16779272|21623.1|7011.44|7984.6|-1057.99|96.985|5416.43
99617|4613.36|1024|8206.59|0|-3200|7906.74
106427|-1594.55|4737.83|860.22|-2072.85|4418.75|767.882
176047|-580.127|1276.9|532.132|-580.127|1276.9|532.132
16781763|6208|2927.84|5091.4|-55.8854|-879.665|4160
16779273|2224|2288|6792|1808|1864|6656
478898|3774.45|-5625.51|1703.5|1546.42|-8568|255.401
486819|5154.33|416|3713.5|-96|-1504|0
16790945|4146.45|4224|11904|-512|-1010.43|10100
16791355|2432|2561.59|7232|1378.03|1536|7168
16815555|4608|4480.32|7320|2723.76|1536|5886.15
16799065|2757.91|311.877|801.976|-128|-467.44|-128
86359|1024|11673|592|-3006.38|7597.05|-1008
16796795|896|1792|226.367|-2304|-896|-639.885
11700|79852.8|117637|18710.5|-122824|-80915|0
5514|53475.6|97600.4|14067.4|53295.5|96635.3|13825.8
5515|53215.1|98139.9|14639.5|50078.7|96551.1|13789.4
5482|52042.4|100228|14843.3|50394.8|98832.4|14404.7
3551|5793.55|-72063.1|12132.3|5793.55|-72063.1|12132.3
3359|32015.4|-48693|11566.1|31775|-48784.7|11448.2
3507|57808|-65683.4|10768|57529.5|-65920|10464
3508|57200|0|12154|0|-68465.5|0
3606|33659.8|-78982.5|11277|33155.4|-79389.7|11159.6
3327|33176.4|-44646.1|11305.8|32930.7|-44803.2|11156.4
3357|38202.8|-48051.8|10874.2|37126.5|-48798.4|10825
3358|35397.8|-45139.5|11220.3|33071|-47514.1|10774.5
3387|41858.7|-53055.8|10754.9|41857.1|-53066.4|10701.9
3388|40554.1|-49841.5|12168.6|37054.9|-53053.4|10908.9
3389|36842.2|-49229|12591.2|32877.4|-53183.3|11224.5
3416|51139.1|-56524.7|11004.2|51139.1|-56524.7|11004.2
3419|40253.3|-53428.1|12591.2|37807.1|-56941.1|11322.6
3420|36207.3|-53264.1|12412.7|34854.4|-54569.1|10867.8
3447|52375.2|-57473.1|11043.4|51029.2|-59930.9|10873.2
3449|43512.6|-57625.5|11311.6|41913.6|-60123.5|11156.5
3450|40175.3|-57713.5|12591.2|37549.8|-60763|11276.5
3451|35718.4|-61224.7|10011|35718.4|-61224.7|10011
3475|64245.4|-63974.7|11280.4|63322.4|-64196.8|11009.8
3476|60806.9|-65312|10763|57358.5|-65504|10512
3477|57168|-62984.4|10848|53279.7|-65536|10320
3478|51878.3|-61627.4|10848.4|51878.3|-61627.4|10848.4
3481|39119.2|-63314.1|12624.9|38326.3|-64808.2|10969
3503|77476.1|0|11481.7|0|-69161|0
4826|-112425|117504|17692.5|-114112|116037|16959.5
4164|-65909.4|5300.07|13844.5|-65909.4|5300.07|13844.5
4131|-43421.5|11761|12832.4|-44092.3|11399.3|12635.4
5201|-13426.2|31310.8|12082.3|-13426.2|31310.8|12082.3
5102|-17868.2|65051.3|12845.3|-19125.5|62610.2|12332.9
5118|-18104.1|60912.4|13093.8|-18646.2|59917.6|12672.7
5192|-12997.1|33458.3|12830.2|-12997.1|33458.3|12830.2
4940|0|97231.3|15892.7|-28522.8|0|0
4941|-30521.9|96523|15182.7|-30785.8|96291|15179.7
46207|-116159|-72229.8|18038.9|-118546|-73348.9|17938.7
46208|-118956|-72608|18788.3|-122870|-73718.1|17959.2
46209|0|0|19178.1|-123524|-73107.9|0
46213|0|0|18382.6|-122692|-75715.9|0
46214|-123017|-73870.9|19412.9|-124693|-75524.2|18176
46194|-123519|-60720|18864|-124368|-60841.4|18678.5
46198|-121528|-61888|19168|-122873|-62896|17919.9
46199|-122912|-61797.4|19712.6|-125060|-64112|18192
4236|-73418.5|-1471.76|14685.1|-73418.5|-1471.76|14685.1
4249|-33598.8|-5138.73|12578.6|-34034.7|-6241.18|12344.1
4250|-37806.2|-6803.4|14302.2|-40047.6|-8129.09|13584.5
4251|-40981.4|-6560.38|14412.8|-43213.9|-7831.66|14393.6
4253|-51586.4|-7387.11|14406.6|-51677.7|-7505.76|14386.7
4271|-33406.6|-9255.63|14016.7|-36137.7|-10828.4|13336.8
4272|-37844.4|-8766.62|14447.1|-40822.1|-11788.5|14214.6
4273|0|0|14844.7|-44206.2|-12213.5|0
4274|-45489.7|-8470.62|14416|-46932.4|-11867.9|14362.4
4296|-43346.6|-12298.8|14494.7|-44662.7|-15780|14404
4297|-46884|-14738.3|14160.2|-47867.8|-16148.7|14084.5
4298|-51985.4|-13457.2|13765|-52419.4|-15511.1|13439.7
4319|-40969.4|-16601.1|14413.5|-44399.8|-19502.4|14218.1
4320|-48643.5|-18733.2|14189.7|-48698.3|-19281.9|14179.7
4321|-49407.6|-17394.8|13960.8|-49691.5|-17777.1|13903.2
4323|-57659.8|-17324.7|13495.7|-59269.9|-18854|13409.2
4332|-2491.19|-20559.5|13648|-2686.3|-21441.5|12925.1
4675|-4417.92|-13369.4|12448.9|-5994.62|-14521.3|12114.2
4676|-4062.53|-13630.3|12221.6|-4062.53|-13630.3|12221.6
2710|-1789.09|-22434.9|13243.6|-4403.27|-28101.6|12717.9
86360|38248.7|-50479.7|220.545|35990.3|-53626.6|4.45209
16828728|0|0|32|0|0|32
223975|38733.8|-50496.8|42.6813|37444.7|-51457.7|0.0309601
223977|36195.1|-50921.1|601.934|34573.7|-52970.7|-3.0883
223978|35894.2|-53669.6|460.702|34332.7|-55304.8|14.0855
107118|61264|-18167.2|11771.2|59380.6|-18787.4|11568
116292|59917.4|-18570|11712.8|59582.6|-19026.2|11600
119658|61874|-18973.6|11584.3|61874|-18973.6|11584.3
113809|99384.3|-38139.6|12585.9|98495.1|-38852.3|12339.2
198276|99496.7|-38234.7|12608|98585.2|-39216|12335
113806|57276.6|-41888|12526.4|55168|-43448.8|12189.1
129490|58119|-39951.8|12273.1|58119|-39951.8|12273.1
129570|57863|-44176.8|12464.2|57863|-44176.8|12464.2
143109|57207|-42808.7|12568|55567.8|-43448.8|12437.5
129201|68612.7|-32925.2|12460|68325.3|-32932.2|12426
107147|83009.8|-24608|12870.9|59346.4|-35833.7|11614.7
192038|63355.8|0|12554.1|0|-27482.8|0
16781420|5802.9|15553.8|15768.5|-24634.8|-20502.7|11632
16779534|7776|8176|13616|4192|4134.34|12261.7
16779535|7099.94|4025.18|13632|4128|84.3728|12272
16779536|4048|8188.37|14522.4|32|4171.83|12288
16779537|4064|4032|14160.2|122.21|48|12251
16779755|19270.2|24467|12721.5|16566.4|20490.3|12472.3
16779756|17899.3|20026.2|12597.4|16824.5|17333.8|12289.4
16779757|16291.5|23504|13188|14032|20527.3|12336
16779758|16128|20030.4|13188|15211.1|16626.6|12272
16779759|16023.3|15296.1|12388.2|12304|12864|12306.4
16779760|12528|3328|12320|12528|3328|12320
16779765|8496|31568|12336|8496|31568|12336
16779767|9878.04|24431.8|12281.6|8349.04|20808.1|12250.5
16779768|11568|20000|12340|8864|16967.3|12266.5
16779769|12128|16113.3|12544|8433|12384|12223.3
16779770|12219.8|12256|12544|9072|9216|12223.3
16779771|12032|7728|12544|8367.99|4192|12256
16779772|11979.8|3680|12544|8368|20.8789|12223.3
16779778|8180.88|28005.9|12339.1|4409.65|24781.6|12230.2
16779779|7926.05|24503.8|12544|4176|20678.6|12184.4
16779780|7686.05|20414.5|12544|4275.04|16392.9|12184.4
16779781|8048|16383.3|12544|4103.8|12912|12184.4
16779782|8058.69|11403|12336|4320|8400|12256
16779787|2998.27|29269.9|12379.1|2998.27|29269.9|12379.1
16779788|3655.03|28197.1|12370.7|256|24648|12240
16779789|4050.13|24544|12544|80.0001|21276.8|12232.4
16779790|3968|19328|12412.9|832|16496|12272
16779791|3841.16|15396.7|12304|796.115|12603.1|12268.1
16779792|4026.44|11912.3|13460.2|64|8194.04|12262.1
16780073|18909.2|30034.2|12784|18390.1|28744.7|12681.9
16780074|19694.4|28646.9|12805.5|16487.7|24602.5|12500.1
16780075|17531.5|15807.9|12292.5|17148.2|15291.9|12285.7
16780079|14347.6|29427.4|12570.9|13366.8|28727.6|12473.3
16780080|16350.1|28641.9|13188|13618.4|24652.4|12459.2
16780081|16311.7|10384|12320|12768|9889.02|12291
16801796|14200.5|5977.27|12292.6|12313.5|5245.98|12258.7
16807871|23709.1|28984.2|13695.5|23709.1|28984.2|13695.5
16807872|22661.6|13928.2|12293.2|21683.8|13120|12289.3
16807873|21344|9651.52|13271|21210.6|8339.46|13247.5
16807874|21248|7696|13408|21152|4859.13|13009.6
16807875|22914.2|1792|13188|22914.2|1792|13188
16807882|17176.8|11522.3|12428.2|16826.4|11214.3|12415.4
16807884|16384|3696|12368|16384|3696|12368
16779776|6096|34704|12995.6|4115.02|34226.8|12944
16779786|3472|34336|12928|3472|34336|12928
16779761|15879.6|-1827.95|13188|14032|-2464|12320
16779773|12073.5|-464|12544|10096|-3200|12256
16779783|6080|-208|12347.3|4297.8|-4018.11|12268.9
16779793|4077.59|-395.477|12386.9|77.3788|-4051.21|12267.2
16779794|3920|-4312.79|12366.1|64|-8136.4|12264.4
16779795|4065.14|-8336|13546.5|64|-12208|12260.2
16779796|3904|-12573.9|13033.7|1118.79|-15505.8|12262.7
16779797|4015.99|-16736|12544|972.728|-20434.5|12224
16780082|13666|-8561.22|12288.1|12833.2|-9663.72|12287
16780083|10832|-4992|12544|9040|-7680|12272
16780084|10096|-10144|12544|8271.98|-11648|12352
16780085|9504|-14864|12320|8304|-15920|12240
16780086|9632|-16768|12336|8192|-17424|12240
16780089|7744|-4208|12355.3|4160.07|-8121.34|12256
16780090|8015.99|-8237.69|12905.2|4096.91|-12288|12256
16780091|7152|-12416|12544|4144|-15968|12224
16780092|7456|-16416|12544|4463.99|-19936|12192
16780093|4188.82|-20521.5|12326.2|4188.82|-20521.5|12326.2
16780095|3440|-20521.5|12352|217.446|-23424|12238.6
16796994|16011.1|-4839.51|12293.5|12558.7|-8052.69|12285.3
16807876|21643.9|-1171.94|12293.1|20806.3|-3009.16|12289.7
16807877|21384.9|-5594.27|12295.3|20782.7|-7631.87|12293.9
16807878|22400|-10960|12224|22400|-10960|12224
16807885|19865.2|-576.024|13188|16627.7|-3134.01|12285.6
16807886|20164.6|-6141.87|12291.9|16527.9|-6259.69|12291
16807887|20218.7|-10085.8|12344.3|17654.7|-12240.7|12292.7
16807888|16644.6|-13715.4|12299|16644.6|-13715.4|12299
16807890|16226.1|-13850.5|12319.2|16226.1|-13850.5|12319.2
16785401|-36688.6|3098.73|14302.2|-36688.6|3098.73|14302.2
16807839|-40670.3|9009.97|13234.5|-40670.3|9009.97|13234.5
16807840|-38055.8|5459.36|14362.7|-38055.8|5459.36|14362.7
16807841|-39529.5|2676.06|12297.4|-39529.5|2676.06|12297.4
16807852|-42345.4|11432.8|13180.4|-42345.4|11432.8|13180.4
16807854|-42405.1|420.434|13746.3|-42405.1|420.434|13746.3
16807921|-33963.8|20833.7|10595.3|-33963.8|20833.7|10595.3
16807924|-35350.5|10762.9|12440.9|-35350.5|10762.9|12440.9
16807925|-33073.4|5474.6|13228.9|-33408.9|4273.47|12801.7
16779801|-2262.37|29321.9|12374|-2706.8|29263|12359.4
16779802|-85.9564|28614.7|12391.9|-3936.13|24645.7|12224
16779803|-94.1295|24480|12544|-4080|21104.8|12184.4
16779804|-2240|18800|12336|-3712|16489.6|12262.2
16779805|-636.966|15877.6|12304|-3952|12329.1|12230.8
16779806|-1144.22|12063|13032|-4088|8202.35|12262.2
16779807|-57.351|8170.59|13824|-3882.22|4224|12252
16779808|-26.7208|3968|13504|-4025.28|46.2741|12267.2
16779815|-4794.17|27454.6|12289.3|-7894.31|24662.8|12224.3
16779816|-4192|24326.8|12544|-6800|20507.3|12220.4
16779817|-4624|20303.3|12544|-7846.64|16832|12220.4
16779818|-4864|16304|12544|-8052.98|12288|12227.3
16779819|-4110|12273.1|14499.6|-8192|8199.36|12272.7
16779820|-4142.17|8187.02|12857|-8184|4146.91|12248
16779821|-4288|4081.53|13060.7|-8137|80|12238.2
16779827|-8202.07|12112|13540|-12040.2|8224|12278.2
16779828|-8306.76|8128|13139.4|-11984|4114.04|12288
16779829|-8213.78|4050.38|13248|-12256|22.1199|12248
16780104|-9760.83|28304|13188.9|-11984|25616|12285.5
16780105|-10049.8|23111.3|12299|-10613.5|22384.1|12285.9
16780106|-8303.82|19890.9|12314.9|-12232.1|16415.2|12280.6
16780107|-8544|15392.7|12544|-12171.4|12352|12281.3
16780108|-12453|24040.2|12301.1|-14208|21824|12112
16780109|-12321|20454.4|12319.9|-14674|16892.6|12285
16780110|-12347.1|15563.3|12322.8|-15708.7|12722|12280.8
16780111|-12381.8|12140.4|12309.8|-14713.3|9500.37|12285.4
16780112|-12464|6624|12352|-13392|4800|12288
16780113|-12325|4048|12708.7|-12432|3690.26|12288
16780115|-19540.6|893.294|12258.8|-19540.6|893.294|12258.8
16780419|-21903.3|10788.6|12326|-22684.7|8395.84|12285.7
16780420|-21527.3|8074.69|12458.1|-24001.7|4872.31|12285.6
16780421|-21072|1184|12256|-21072|1184|12256
16785395|-29027|3872.21|12285.1|-29027|3872.21|12285.1
16807893|-17216.5|16345.2|12318.1|-20378.9|12752.1|12287.5
16807894|-16720.4|12217.1|12293.8|-19972.8|9784.46|12289.6
16807896|-20607.7|18928.4|13188|-22654.6|16465.4|12283.4
16807897|-20627.6|16223.5|12333.4|-24285.8|13008.4|10838.8
16807900|-26320|31424|13328|-26320|31424|13328
16807901|-28399.5|26857.6|12290|-28491.9|26709.9|12285
16807902|-24596.2|24371.3|12353.9|-27675.9|21413.8|12287.7
16807904|-25413.7|12941.3|12293|-25413.7|12941.3|12293
16807905|-28270.6|10592.7|12355.5|-28270.6|10592.7|12355.5
16807906|-26468.9|5755.07|12293.7|-28585.6|4335.42|10838.8
16807911|-28730.1|26629.4|12286.7|-28730.1|26629.4|12286.7
16807913|-29348.2|17596.9|11033.8|-29348.2|17596.9|11033.8
16807916|-28783.1|6414.16|12304.1|-29859.2|4363.47|12285.7
16807929|-12437.5|26211.6|12490.7|-15223.8|25243.5|12342.5
16807932|-18144.1|26883.3|13188|-18144.1|26883.3|13188
16807934|-16386|19392.7|12292.1|-19217.9|17615.4|12286.2
16807938|-22074.2|26625.2|12293.7|-22978.4|24876|12285.5
16807939|-20827|24396.7|13188|-24512.3|21459.7|12286.6
16780101|-4176|34842.2|12944|-5640.92|34544|12502.9
16785402|-33704.7|-46.5325|12259.9|-33704.7|-46.5325|12259.9
16785403|-33396.4|-5119.69|12413.8|-35878.6|-8025.29|12259.9
16785404|-33530.8|-11247.1|12559.5|-33530.8|-11247.1|12559.5
16785406|-37425.7|-13016.3|12992.1|-37425.7|-13016.3|12992.1
16807825|-45312|-10928|12368|-45312|-10928|12368
16807842|-37372.8|-586.122|14302.2|-38223.9|-2575.8|13785.8
16807844|-40256.7|-8484.09|12297.4|-40256.7|-8484.09|12297.4
16807845|-39985.9|-16931.5|13644.2|-39985.9|-16931.5|13644.2
16807846|-39664|-20896|13824|-40400|-23392|13408
16807856|-41331.7|-6071.93|12272.2|-41331.7|-6071.93|12272.2
16807858|-42291.6|-12970.7|14157.1|-43434.1|-15623.1|12269.9
16807868|-35136|-24032|11744|-35136|-24032|11744
16807926|-35520.6|-16725.1|12167.9|-35520.6|-16725.1|12167.9
16807773|-2293.65|-45148.6|12291.9|-4045.88|-46009.3|12287.7
16807776|-5524.46|-41971.9|12294|-7646.78|-44467.3|12288.9
16807777|-5143.41|-45208.9|12288|-5143.41|-45208.9|12288
16807781|-8333.18|-41373.1|12292|-10200.2|-45002.2|12285.3
16807804|-29336.2|-33130.7|12290.9|-32217.3|-34432.3|12286.7
16779809|-256|-16.044|12762.5|-4048|-4054.1|12272
16779810|-557.307|-4352|12434.6|-4042.23|-8064|12287.4
16779811|-186.954|-8340.2|12594.6|-3552|-11280.6|12271.2
16779812|-608|-13579.2|12357.1|-3776|-16256|12288
16779813|-656|-16448|12544|-4080|-19376|12304
16779822|-4269.52|-125.508|12762.5|-8191.6|-3961.57|12239.1
16779823|-4256|-4169.81|12444|-8176|-7808|12280
16779824|-4154.01|-9127.59|12444|-6336|-11904|12303.6
16779825|-4160|-13229.7|12544|-8104.67|-16304|12280
16779826|-4135.59|-16784|12544|-8161.42|-20477|12227.1
16779830|-8192.69|-80|13476|-12256|-4093.05|12288
16779831|-8203.86|-4150.38|13536|-12288|-7968|12288
16779832|-8559.63|-8429.28|12448.4|-11680|-11904|12304
16779833|-8496|-12544|12544|-12208|-16304|12240
16779834|-8365.53|-16992|12346.9|-12212.9|-20019|12232.4
16779835|-12298.8|-4128|13072|-16368|-8045.48|12192
16779836|-13120|-8208|13376|-16304|-12285.9|12230.8
16779837|-12368|-12352|14420|-16286.2|-16304|12240
16779838|-12326.6|-16672|12330.7|-16224|-19798.1|12128
16779840|-16427.7|-8256.14|13681.3|-20479.9|-12180.3|12135.3
16779841|-16399.8|-12363.6|14420|-20272|-16368|11776.3
16780064|-4400|-20750.9|12340|-6640|-23472|12232.4
16780065|-4462.27|-27697.9|12291.7|-8073.68|-28625|12286.1
16780097|-336|-20489.5|12336|-3952|-24096|12232.4
16780114|-12313.8|-544.387|13476|-16304|-4081.89|12192
16780416|-16512|-784|14448|-20379|-4016|12256
16780417|-16496|-4274.45|12318.9|-20445.5|-8147.51|12255.7
16780418|-16542.2|-16464|12336|-19456|-18576|11632
16780422|-21873.3|-96.2754|12259.9|-24070.5|-3901.61|12256
16780423|-20624|-4480|12470|-23824.8|-7664|12176
16780424|-20588.8|-8304|12816|-24288|-12256|12224
16780425|-20544|-12448|12816.7|-24496|-16192|12240
16780902|-24800|-10400|12304|-28157.8|-12288|12254.9
16780903|-21248|-16621.2|12256|-22175.6|-17312|12256
16785393|-24843.1|-4202.66|12388.9|-24943.7|-4470.96|12359.3
16785394|-27392|-20064|12224|-27392|-20064|12224
16785397|-30444.2|-5466.27|12000|-30444.2|-5466.27|12000
16785398|-32073.6|-11493.5|11744|-32073.6|-11493.5|11744
16785399|-32352|-16112|14304|-32352|-16112|14304
16785400|-30000|-18208|11744|-30000|-18208|11744
16785407|-24640|-12368|12560|-27440|-15856|12256
16796995|-2136.66|-28793.5|12302|-3761.39|-29181.5|12295.6
16796996|-4192.65|-29334.1|12287.9|-5621.28|-30110.3|12285.6
16798549|-12786.5|-20651.8|12296|-16096.2|-24393.4|12285.2
16798550|-12784.8|-24917|12288.2|-12784.8|-24917|12288.2
16798551|-16715.2|-23365.2|12294|-16715.2|-23365.2|12294
16801794|-8488.54|-22847.6|12292.5|-10664.3|-24194.9|12288.5
16801795|-8198.66|-24625.8|12293.8|-11154.2|-28340.5|12290.6
16807798|-28053.4|-32221|12287.8|-28053.4|-32221|12287.8
16807803|-30027.5|-28739.5|12294.3|-31586.1|-30940.8|12291.8
16807907|-24730.3|-3102.72|12470|-25895.8|-3688.22|12332.5
16780046|9244.22|4721.11|14610.9|1333.78|-3530.72|12261.4
16780048|4000.23|4071.43|13717.3|75.7272|27.3856|11758.8
16780750|8544.46|4923.56|15620|8456.05|4103.55|14483.8
16780751|11219.4|3308.67|14590.5|8256|10.8793|12800
16780760|8149.38|5867.35|14978.1|4224|4098.44|12752
16780761|8160|4086.88|14128|4101.07|7.81501|11758.8
16780763|4041.72|6127.09|13736|379.937|4096|12823.7
16780047|4091.95|-10.7333|13371.5|511.333|-3860.45|11940.3
16780732|8075.35|-8231.42|13600.5|4362.1|-10425.3|12237.7
16780733|3924.19|-8368.02|13600.5|540.748|-9525.58|12730
16780752|11981.6|-12.6095|14046.7|8222.41|-4063.96|12117.5
16780753|11785.2|-4105.48|13989.5|8276.43|-8083.48|11316.7
16780755|8131.34|-4182.75|13427.2|4217.14|-8174.01|11316.7
16780762|8171.69|-69.204|13344|4121.33|-4027.94|11392.4
16780764|4073.63|-4459.82|13555.2|3348.09|-7739.41|12979.3
16784119|9923.22|-8226.54|13600.5|8235.8|-9526.32|12357.6
16791854|12816.7|-9520.71|13600.5|12816.7|-9520.71|13600.5
16780766|-1031.6|1613.14|13496.2|-1457.12|163.608|13365.4
16780770|-4417.59|171.249|13600.5|-4417.59|171.249|13600.5
16780767|-3095.89|-3699.86|13600.5|-3095.89|-3699.86|13600.5
16780768|-1773.18|-7571.64|13600.5|-1773.18|-7571.64|13600.5
16784232|38248.7|-49232|976|34426.2|-53855.5|-1280.44
16784239|39862.9|-50549.6|1608.14|36875.1|-53216|-1515.54
16784240|39666|-53314.5|12060.8|36892.1|-55814.8|-1515.54
16784243|36844.7|-49891.1|912.185|33607.2|-53243.2|-1515.54
16784244|36831.1|-53285.3|1006.32|34135.8|-56456.7|-1515.54
