0x100cf2e|9674000|100|0|100|3|75|0x1
0x100cbfc|1000|1000|8|23|2.5|2.04546|0x1
0x100c7c2|200|999240|7|55|3.3333|1.5|0x2
0x100c6f0|100|999500|6|20|1.3|1.09091|0x4
0x100c38e|500|999500|3|15|0|2.30769|0x3
0x100c169|1000|100|30|10|3|1.5789|0x0
0x100c07d|500|1500|12|100|2.3333|1.07143|0x1
0x100c07c|500|850|3|35|0|2.30769|0x3
0x100c07b|50|450|1|7|0|3|0x3
0x100c071|190|150|2|4|2.5|5.99999|0x2
0x100c070|500|400|7|11|2.2|8|0x2
0x100c06f|330|250|5|7|2.6667|10|0x2
0x100c06e|300|999300|7|8|2|8|0x2
0x100c06d|250|80|3|8|1.3|5.99999|0x2
0x100c06c|225|150|3|9|1.3|5.99999|0x2
0x100beb5|500|999500|3|15|0|2.30769|0x3
0x100be38|75|500|3|10|0|2.30769|0x3
0x100be37|75|500|3|10|0|2.30769|0x3
0x100b554|500|999850|3|35|0|2.30769|0x3
0x100af7d|500|999400|7|1000|2.2|8|0x2
0x100aacc|300|999300|7|8|2|8|0x2
0x100a4df|225|150|3|9|1.3|5.99999|0x2
0x100a4dd|25|5|0.5|1|1.3|0.6522|0x5
0x1008236|25|5|0.5|1|1.3|0.6522|0x5
0x1004dad|75|500|3|10|0|2.30769|0x3
0x1003f72|330|999250|5|7|2.6667|10|0x2
0x1003f4a|250|99980|3|8|1.3|5.99999|0x2
0x1003f49|225|999150|3|9|1.3|5.99999|0x2
0x1003f48|300|999100|10|40|3|1.07143|0x2
0x1003f47|1000|9991000|18|5|4|20|0x0
0x1003f46|500|999100|20|20|4|1.57895|0x0
0x1003f45|25|5|0.5|1|1.3|0.5|0x6
0x1003f44|50|999450|1|7|0|3|0x3
0x1003f43|25|5|0.5|1|1.3|0.652174|0x5
0x1003f42|500|999200|15|16|1.5|8|0x0
0x1003f41|190|999150|2|4|2.5|5.99999|0x2
0x1003f40|500|999500|3|15|0|2.30769|0x3
0x1003f3f|500|999400|7|11|2.2|8|0x2
0x1003f3e|300|999300|7|8|2|8|0x2
0x1003e21|9674000|100|0|100|8|3.1579|0x1
0x1003bfb|9674000|100|0|10|3|75|0x1
0x1003a04|500|9991000|12|100|2.3333|1.0714|0x1
0x1002972|250|80|3|8|1.3|1|0x2
0x1001616|1000|1000|8|23|2.5|2.0455|0x1
