16822236|0|320|187.877|-408.802|-228.354|-85.0801
16789246|2560|746.235|256|-336.181|-2688|-128
16838746|2506.3|2759.68|9192|1432.5|1320.17|5736
16828456|912|492|897.61|-256|-1152|-128
16835196|688.121|-408.982|1646.57|-25.2089|-1064.83|1196
16810277|384|410.407|1353.02|-640|-4115.71|-441.854
16806687|2273.29|3278.4|1360.96|509.563|320.644|-1182.63
16810897|6288|5552.74|411.316|1110.72|-176|-368
16806618|3104|4250.94|8687.1|2080|3051.87|8448
16826138|1421.07|600.341|148.418|1216|157.747|-0.00675619
16840248|2041.2|2040.45|7897.89|2041.2|2040.45|7897.89
16828158|192|221.43|187.601|-362.577|-256|-80
16830558|3072|2656|8512|2304|1816.09|8447.92
16810278|896|1270|999.915|-1152|-4115.71|-441.854
16797229|2578.84|1419.95|960|-23.4461|-915.612|-256
16834339|1238.98|64|289.81|-2195.15|-1920|-6.39822
16828159|0|384|188.236|-306.318|-182.316|-78.6033
16833659|4864|4248.56|351.782|2576|-176|-368
16810269|1464.61|498.637|256|454.674|-96|-8.6108
16815999|4416|763.365|1408|-687.141|-2268.35|-443.712
16836499|2368|2304|7616|1379.43|784.764|7241.4
16796109|3224.85|667.712|636.86|-9176.53|-8562.68|-10623
16827060|1872.05|1429.12|205.255|633.62|649.578|-33.5007
16828160|128|256|187.3|-346.129|-239.532|-80.2005
16810270|1290.58|600|224.994|-43.9187|-160|-1.53479
16841970|2560|746.235|256|-336.181|-2688|-128
16823690|1841|-15.8689|1056|371.683|-1127.24|467.452
16836500|2096|2096|8244.62|1456|1348.96|7993.4
16824410|615.623|133.212|1183.1|0|-114.781|1024
16814731|-2793.2|-2331.55|986.786|-11594.2|-9600.79|-2088.38
16822341|3763.73|3295.21|475.386|-1408|-1361.77|-1365.53
16826141|1303.67|704|192|960|176|16
16810271|1349.66|675.315|230.054|42.6979|46.3873|-36.6347
16832881|2624|2528|6208|1408|1377.09|5887.38
16806691|2078.98|417.48|416.206|-388.628|-1099.62|-400
16836501|2517.43|2441.33|7296.06|1856|1875.18|7071.22
16839311|5632|2147.68|1037|2225.15|768|512
16793772|2107.06|879.419|3361.42|-1664|-882.298|2010.93
16810272|1337.37|736|225.461|490.841|144|-8
16836502|2935.15|2304|7464.7|1856|431.4|7177.1
16816953|5312|1984|1462.75|-814.039|-1024|-42.9936
16810273|2272|2320|7447.69|1888|1755.17|7134.23
16795983|6294|8960|6818.64|560|-4095.99|5035.71
16836893|5738.77|3550.6|8481.88|-1786.38|83.3269|5944.02
16836503|2428.97|2304|7624|1872|1792|7372.48
98128|5602.74|6528.41|5033.39|5597.35|6468.58|4961.23
16810274|1310.09|2453.53|922.523|-2714.98|-4115.71|-564.565
16846574|2108.52|2061.27|7994.86|1962.27|2055.44|7994.22
16836504|2554.23|2575.99|6308.01|1664|1551.99|6064
16845504|2583.99|2423.99|7296.29|1363.67|1652.74|7040
16810275|1152|834.827|676.909|-3203.67|-5591.97|-193.466
16832175|1105.93|3087.07|8773.98|140.648|1050.22|7574.29
16840875|2920.74|2804.7|5916.96|1158.02|1323.65|5408.4
16854075|3104|4250.94|8687.1|2080|3051.87|8420.85
16787585|627.319|-532.102|2048|-4685.76|-4032|378.842
16788695|512|768|1495.5|-2816|-2688|384
16845505|2218.34|2091.61|7854.53|2003.42|1531.61|7527.94
16789215|896|1253.22|1023.75|-1152|-4115.71|-441.854
16812115|6208|3200|896|38.4407|-4115.71|-977.495
11700|47482.1|-78286.8|10665.9|45492.8|-79660.6|10014.5
6902|0|0|10750|0|0|10750
3572|45932.3|-77459.7|10509.4|45932.3|-77459.7|10509.4
3603|47488.2|-78179.3|11304.7|45470.1|-80430|10241.5
16793125|65325.5|37597.4|3625.37|-31866.8|-31209.6|-2098.53
16779427|28638|24575.3|1317.77|24587.3|20489.1|-3328
16779428|28645.7|20453.7|-1251.57|24592.2|16385.1|-3328
16779429|28595.6|15910.7|-1517.84|24582.6|12346.3|-3328
16779430|28154.4|12284.1|-1647.08|24781.7|8227.35|-3328
16779431|24555.6|28609|1414.83|20495.4|24590.7|1064.68
16779432|20460.6|28661.5|2088.23|16383.7|24598.9|787.5
16779433|16357.8|28658.9|906.978|12336.3|24669.1|-275.282
16779434|12283.2|28667.9|-86.2259|8206.52|24618.4|-1434.33
16779435|8180.14|28671.4|-710.475|4111.55|24602|-1748.57
16779436|24534.2|24528.6|2088.23|20496.4|20507.8|-3328
16779437|20478.1|24555.1|2306.76|16392.3|20507.8|600.148
16779438|16310.8|24561.5|888.904|12430.8|20541.3|-18.278
16779439|11539|24570.5|-255.604|8226.56|20489.8|-1361.86
16779440|8191.39|24555.2|-846.382|4100.48|20488.3|-1786.47
16779441|24571.4|20417.1|1374.3|20579|16418.9|-3328
16779442|20455.2|20457.6|1434.89|16439|16393.7|-429.347
16779443|16372.6|20426.2|897.607|12344.4|16394.1|-489.728
16779444|12281.3|20474.7|-194.621|8197.36|16389.4|-1461.85
16779445|8174.59|20435.6|-966.692|4162.19|16398.4|-1617.72
16779446|24526.7|16352.4|-338.336|20517.8|12331.7|-3328
16779447|20466.4|16382.2|-194.615|16424.6|12326|-1747.44
16779448|16365.6|16378|-416.448|12374.1|12485.4|-1959.3
16779449|12087.8|16362.2|-579.208|8293.18|12291|-1991.94
16779450|24553.8|12260.8|-1653.37|20695.7|8366.42|-3328
16779451|19016.5|12247|-1633.65|16852.3|8395.48|-1709.53
16779452|15644.4|11980|-1501.38|12489.7|8597.11|-1706.29
16779453|4074.43|32751.3|-733.155|0.602295|28682.6|-1746.18
16779454|4093.74|28639.8|-753.363|5.04817|24749.1|-1751.59
16779455|4087.54|24524.5|-693.68|3.00647|20493.1|-1752.82
16779456|4073.12|20461.1|-870.176|3.05301|16390.9|-1739.25
16779457|28424.3|8149.98|-1324.13|24593.7|4380.16|-3328
16779458|20051.1|7632.67|-1103.83|16666.8|4263.12|-1747.8
16779459|24567.8|7478.66|-1627.64|21495.5|4178.32|-3328
16779460|28496|4072.64|-1771.57|24633.8|716.273|-3328
16779461|8137.52|16361.3|-1291.28|4106.07|12302.8|-1923.12
16779462|12286.2|12245.4|-477.843|8263.71|8205.12|-1917.29
16779463|8157.92|12202.7|-429.773|4102.31|8233.91|-1403.84
16779464|16039.6|8140.83|-746.904|12340.2|4549.63|-1587.36
16779465|12110.8|8182.86|-333.287|8247.13|4151.52|-1330.75
16779466|8178.11|8125.5|-270.912|4144.86|4107.94|-1270.23
16779467|4025.31|16379.1|-1247.26|27.2329|12307.1|-1836.65
16779468|4081.35|12127.2|-1077.66|7.81286|8224.93|-1559.97
16779469|4076.89|8163.53|-1042.96|15.2028|4096|-1359.6
16779470|24256.1|4009.2|-1066.38|20497.3|672.276|-3328
16779471|20423.9|4077.51|-235.23|16419.6|66.0998|-1525.87
16779472|16362.3|4031.11|-364.521|12306.5|45.8004|-1056.64
16779473|12197.5|4070.88|-497.819|8224.64|748.718|-1202.63
16779474|8178.19|4083.13|-355.202|4099.45|4.96744|-1409.48
16779475|4068.31|4094.84|0|0|0|-1504
16780993|32716.8|32766.4|530.608|28679.2|28734|-3328
16780994|32763.8|28661.3|605.532|28673.1|24609.3|-3328
16780995|32448.5|24573|-1768.17|28804.3|22528|-3328
16780996|30720|18432|-2100.53|29585.5|17031.3|-3328
16780997|30720|15635.1|-1993.79|28996.9|14336|-3328
16780998|32591|11595.9|-1693.07|30720|10240|-3328
16780999|32472.8|6144|-1824.45|28672|4096|-3328
16781000|32294.9|4011.79|-1987.9|28966.2|2048|-3328
16781018|28651.1|32759.3|983.471|24962.2|28722|-1821.4
16781019|28214.3|28561.4|1053.1|24675.7|24581.7|-996.409
16781036|24465.8|32748.3|1336.34|20484.2|28728.2|862.086
16781047|20449|32761.8|1278.68|16387.5|28679.7|709.917
16781058|15638.4|32743.9|554.833|12329|28691.4|-332.214
16781069|12282.6|32750.7|-279.692|8204.67|28679.2|-1583.4
16781080|8179.63|32760|-543.366|4099.61|28678.8|-1739.53
16780541|30720|59392|-3328|30720|59392|-3328
16780542|26624|59392|-3328|26624|59392|-3328
16780543|22528|59392|-3328|22528|59392|-3328
16780725|30720|55296|-3328|30720|55296|-3328
16780726|26624|55296|-3328|26624|55296|-3328
16780988|30720|51200|-3328|30720|51200|-3328
16780989|30720|47104|-85.2633|29924.8|45764.8|-3328
16780990|31940.6|45012.5|1484.79|28736.2|41468.8|-3328
16780991|31898.1|40873.8|1289.38|28683.2|36894.2|-3328
16780992|32710.8|36813.4|757.287|28751.7|32785.9|-3328
16781015|28634.8|44210|1512.19|24586.5|41413.8|1294.38
16781016|28625.7|40629.9|1760.02|24924|36949.5|872.313
16781017|28666.3|36779.4|1149.92|24620.5|32790.2|-1928.64
16781033|24569.9|43914.3|1414.95|20600|41330.5|1150.45
16781034|24488.9|40500.9|1500.54|20521.3|36864.6|839.827
16781035|24549.4|36854.7|1067.63|20497|32777.8|642.995
16781044|20424.8|44098.5|1351.72|16534.1|41370.5|394.951
16781045|20403.7|40721.3|1121.09|16424.7|36869.1|395.314
16781046|20472.4|36857.4|1098.11|16401|32791.1|384.441
16781055|16365.5|43504.4|297.955|13316.1|41313.5|-405.347
16781056|16377.2|39278|367.037|12507.3|36870.3|-687.995
16781057|16383.3|36833.9|440.565|12293.9|32769|-575.119
16781066|11896.7|43079.6|-758.975|9669.4|41014.3|-1034.25
16781067|11755.7|40793.5|-804.96|8876.49|37207.7|-1197.43
16781068|12240|36805.5|-532.377|8206.42|32774.9|-1699.73
16781077|7584.12|44407|-1122.67|5229.25|41045.3|-1652.17
16781078|7812.89|40813.6|-1322.28|4145.24|37170.6|-1664.46
16781079|8183.46|36848|-881.555|4104.69|32782.2|-1721.88
16781088|3739.38|44245.7|-1397.46|1207.72|40996.7|-1569.52
16781089|4057.62|40838.6|-1465.36|170.707|36957.2|-1706.56
16781090|4093.65|36848|-394.574|26.6958|32778.2|-1737.55
16783805|30720|63488|-3328|30720|63488|-3328
16783806|26624|63488|-3328|26624|63488|-3328
16783807|22528|63488|-3328|22528|63488|-3328
16783792|30720|67584|-3328|30720|67584|-3328
16783793|26624|67584|-3328|26624|67584|-3328
16783794|22528|67584|-3328|22528|67584|-3328
16780968|35248.8|32733.8|-1639.97|32839.6|28710.6|-3328
16780969|36548|28625.5|-1616.29|32823.3|26393.1|-3328
16780970|35091.7|23169.5|-2561.06|33175.9|20550.9|-3328
16780971|35692.4|19819|-1661.15|32904.1|16419.6|-3328
16780972|36726.8|16102.7|-2559.59|33492.2|12307.7|-3328
16780973|36366.2|11940.9|-2330.69|32783.9|10240|-3328
16780974|36702.8|6144|-2168|34816|4436.07|-3328
16780975|34816|3337.66|-2242.02|32976.2|2048|-3328
16784914|38912|30720|-3328|38912|30720|-3328
16784915|38912|27502.8|-2957.1|36999.3|26624|-3328
16784916|40724.3|23037.6|-3328|38912|22417.3|-4126.34
16784917|40753.9|18432|-3328|36864|16384|-4072.03
16784918|40797|16311.6|-3240.56|37312.4|14336|-4001.09
16784919|39257.1|11678.3|-3241.45|37088|10240|-3485.42
16784920|38912|6144|-2181.8|36868.3|4284.33|-3328
16784921|39189.6|3998.89|-2189.05|36975.6|0|-3328
16785285|44960|32592|-3328|43008|30020.9|-4845
16785286|44960|27437.2|-3328|40960|24576|-4625.66
16785287|44856.6|24275.7|-3328|40960|20987.1|-4510.57
16785288|43578.1|19547.1|-3328|42292|16500.4|-4249.63
16785289|49001.7|11709|-3328|45056|8393.74|-4318.01
16785290|47104|6144|-3328|45056|4790.52|-4089.67
16785302|47104|2048|-3328|47104|2048|-3328
16785304|43786.5|3955.65|-3328|43008|2048|-3738.52
16785305|44922.4|16265.9|-3328|41182.7|12652.6|-4223.46
16785306|44987.8|6470.33|-2883.19|41100.8|4096|-4054.48
16785307|44971.4|11709|-3328|42158|8406.16|-4168
16785547|51200|30720|-3328|51200|30720|-3328
16785548|51200|26624|-3328|51200|26624|-3328
16785549|51200|22528|-3328|51200|22528|-3328
16785550|51200|18432|-3328|51200|18432|-3328
16785551|51200|14336|-3328|51200|14336|-3328
16785552|51200|10240|-3328|51200|10240|-3328
16785553|51200|6144|-3328|51200|6144|-3328
16785554|51200|2048|-3328|51200|2048|-3328
16785572|48901.3|32485.3|-3328|45390.6|30132.3|-5128.66
16785573|47479.9|28483.7|-3328|45086.1|24779.8|-4898.33
16785574|48976|24401|-3328|45056|21267|-4723.43
16785575|48976|19744|-3328|47104|18432|-4636
16785576|47104|14336|-3328|45056|12288|-4176
16786345|63488|30720|-3328|63488|30720|-3328
16786346|59392|30720|-3328|59392|30720|-3328
16786347|55296|30720|-3328|55296|30720|-3328
16786348|63488|26624|-3328|63488|26624|-3328
16786349|59392|26624|-3328|59392|26624|-3328
16786350|55296|26624|-3328|55296|26624|-3328
16786351|63488|22528|-3328|63488|22528|-3328
16786352|59392|22528|-3328|59392|22528|-3328
16786353|55296|22528|-3328|55296|22528|-3328
16786354|63488|18432|-3328|63488|18432|-3328
16786355|59392|18432|-3328|59392|18432|-3328
16786356|55296|18432|-3328|55296|18432|-3328
16786357|63488|14336|-3328|63488|14336|-3328
16786358|59392|14336|-3328|59392|14336|-3328
16786359|55296|14336|-3328|55296|14336|-3328
16786360|63488|10240|-3328|63488|10240|-3328
16786361|59392|10240|-3328|59392|10240|-3328
16786362|55296|10240|-3328|55296|10240|-3328
16786363|63488|6144|-3328|63488|6144|-3328
16786364|59392|6144|-3328|59392|6144|-3328
16786365|55296|6144|-3328|55296|6144|-3328
16786366|63488|2048|-3328|63488|2048|-3328
16786367|59392|2048|-3328|59392|2048|-3328
16786368|55296|2048|-3328|55296|2048|-3328
16780540|34816|59392|-3328|34816|59392|-3328
16780724|34816|55296|-3328|34816|55296|-3328
16780963|34816|51200|-3328|34816|51200|-3328
16780964|34816|47104|-3328|34816|47104|-3328
16780965|34816|43008|-1885|32768|41520|-3328
16780966|34816|40658|-2205.75|33268|38912|-3328
16780967|35570.3|35288.3|-1464.61|32835.1|32814.8|-3328
16783804|34816|63488|-3328|34816|63488|-3328
16784851|38912|63488|-3328|38912|63488|-3328
16784852|38912|59392|-3328|38912|59392|-3328
16784853|38912|55296|-3328|38912|55296|-3328
16784909|38912|51200|-3328|38912|51200|-3328
16784910|38912|47104|-3328|38912|47104|-3328
16784911|40864|44960|-3328|38582.7|41222.4|-4320
16784912|40547.6|40864|-3328|37565.6|36864|-4519.02
16784913|40520|34816|-3328|38656.5|33553.7|-4572.5
16785108|43008|47104|-3328|43008|47104|-3328
16785109|43008|51200|-3328|43008|51200|-3328
16785110|43008|55296|-3328|43008|55296|-3328
16785111|43008|59392|-3328|43008|59392|-3328
16785113|43008|63488|-3328|43008|63488|-3328
16785282|44899|44657.8|-3328|41167|41117.1|-4534.18
16785283|44713.3|40905.7|-3328|41711|37079.1|-4727.82
16785284|45003.4|36274.1|-3328|40960|32976.3|-4849.73
16785542|51200|51200|-3328|51200|51200|-3328
16785543|51200|47104|-3328|51200|47104|-3328
16785544|51200|43008|-3328|51200|43008|-3328
16785545|51200|38912|-3328|51200|38912|-3328
16785546|51200|34816|-3328|51200|34816|-3328
16785567|47104|51200|-3328|47104|51200|-3328
16785568|47104|47104|-3328|47104|47104|-3328
16785569|47270.9|43008|-3328|45261.3|41960|-4613.8
16785570|48556|40585.6|-3328|45056|36864|-4994.75
16785571|47937.8|36278.4|-3328|45542.6|34338.4|-5020.61
16786315|63488|63488|-3328|63488|63488|-3328
16786316|59392|63488|-3328|59392|63488|-3328
16786317|55296|63488|-3328|55296|63488|-3328
16786318|51200|63488|-3328|51200|63488|-3328
16786319|47104|63488|-3328|47104|63488|-3328
16786320|63488|59392|-3328|63488|59392|-3328
16786321|59392|59392|-3328|59392|59392|-3328
16786322|55296|59392|-3328|55296|59392|-3328
16786323|51200|59392|-3328|51200|59392|-3328
16786324|47104|59392|-3328|47104|59392|-3328
16786325|63488|55296|-3328|63488|55296|-3328
16786326|59392|55296|-3328|59392|55296|-3328
16786327|55296|55296|-3328|55296|55296|-3328
16786328|51200|55296|-3328|51200|55296|-3328
16786329|47104|55296|-3328|47104|55296|-3328
16786330|63488|51200|-3328|63488|51200|-3328
16786331|59392|51200|-3328|59392|51200|-3328
16786332|55296|51200|-3328|55296|51200|-3328
16786333|63488|47104|-3328|63488|47104|-3328
16786334|59392|47104|-3328|59392|47104|-3328
16786335|55296|47104|-3328|55296|47104|-3328
16786336|63488|43008|-3328|63488|43008|-3328
16786337|59392|43008|-3328|59392|43008|-3328
16786338|55296|43008|-3328|55296|43008|-3328
16786339|63488|38912|-3328|63488|38912|-3328
16786340|59392|38912|-3328|59392|38912|-3328
16786341|55296|38912|-3328|55296|38912|-3328
16786342|63488|34816|-3328|63488|34816|-3328
16786343|59392|34816|-3328|59392|34816|-3328
16786344|55296|34816|-3328|55296|34816|-3328
16783791|34816|67584|-3328|34816|67584|-3328
16785112|43008|67584|-3328|43008|67584|-3328
16785115|38912|67584|-3328|38912|67584|-3328
16786310|63488|67584|-3328|63488|67584|-3328
16786311|59392|67584|-3328|59392|67584|-3328
16786312|55296|67584|-3328|55296|67584|-3328
16786313|51200|67584|-3328|51200|67584|-3328
16786314|47104|67584|-3328|47104|67584|-3328
16786234|75776|30720|-3328|75776|30720|-3328
16786235|71680|30720|-3328|71680|30720|-3328
16786236|67584|30720|-3328|67584|30720|-3328
16786239|75776|26624|-3328|75776|26624|-3328
16786240|71680|26624|-3328|71680|26624|-3328
16786241|67584|26624|-3328|67584|26624|-3328
16786244|75776|22528|-3328|75776|22528|-3328
16786245|71680|22528|-3328|71680|22528|-3328
16786246|67584|22528|-3328|67584|22528|-3328
16786249|75776|18432|-3328|75776|18432|-3328
16786250|71680|18432|-3328|71680|18432|-3328
16786251|67584|18432|-3328|67584|18432|-3328
16786254|75776|14336|-3328|75776|14336|-3328
16786255|71680|14336|-3328|71680|14336|-3328
16786256|67584|14336|-3328|67584|14336|-3328
16786259|75776|10240|-3328|75776|10240|-3328
16786260|71680|10240|-3328|71680|10240|-3328
16786261|67584|10240|-3328|67584|10240|-3328
16786264|75776|6144|-3328|75776|6144|-3328
16786265|71680|6144|-3328|71680|6144|-3328
16786266|67584|6144|-3328|67584|6144|-3328
16786270|75776|2048|-3328|75776|2048|-3328
16786271|71680|2048|-3328|71680|2048|-3328
16786272|67584|2048|-3328|67584|2048|-3328
16786194|75776|63488|-3328|75776|63488|-3328
16786195|71680|63488|-3328|71680|63488|-3328
16786196|67584|63488|-3328|67584|63488|-3328
16786199|75776|59392|-3328|75776|59392|-3328
16786200|71680|59392|-3328|71680|59392|-3328
16786201|67584|59392|-3328|67584|59392|-3328
16786204|75776|55296|-3328|75776|55296|-3328
16786205|71680|55296|-3328|71680|55296|-3328
16786206|67584|55296|-3328|67584|55296|-3328
16786209|75776|51200|-3328|75776|51200|-3328
16786210|71680|51200|-3328|71680|51200|-3328
16786211|67584|51200|-3328|67584|51200|-3328
16786214|75776|47104|-3328|75776|47104|-3328
16786215|71680|47104|-3328|71680|47104|-3328
16786216|67584|47104|-3328|67584|47104|-3328
16786219|75776|43008|-3328|75776|43008|-3328
16786220|71680|43008|-3328|71680|43008|-3328
16786221|67584|43008|-3328|67584|43008|-3328
16786224|75776|38912|-3328|75776|38912|-3328
16786225|71680|38912|-3328|71680|38912|-3328
16786226|67584|38912|-3328|67584|38912|-3328
16786229|75776|34816|-3328|75776|34816|-3328
16786230|71680|34816|-3328|71680|34816|-3328
16786231|67584|34816|-3328|67584|34816|-3328
16786189|75776|67584|-3328|75776|67584|-3328
16786190|71680|67584|-3328|71680|67584|-3328
16786191|67584|67584|-3328|67584|67584|-3328
16781009|30720|-34816|-3328|30720|-34816|-3328
16781010|30720|-38912|-3328|30720|-38912|-3328
16781011|30720|-43008|-3328|30720|-43008|-3328
16781027|26624|-34816|-3328|26624|-34816|-3328
16781028|26624|-38912|-3328|26624|-38912|-3328
16781029|26624|-43008|-3328|26624|-43008|-3328
16781038|24400|-32784|-1834.44|21241.9|-36756.2|-3328
16781039|23870.1|-36978.1|-2002.52|20958.6|-40960|-3328
16781040|23674.7|-41079.3|-2501.54|20480|-43344.5|-3328
16781049|18432|-34816|-1910.7|16813.9|-35744|-3328
16781050|18432|-37026.8|-2160.58|17128.3|-39071.6|-3328
16781051|20304|-41484.8|-2737.61|16455.7|-43299.8|-3328
16781060|14791.2|-34816|-2065.39|13975.5|-35683.6|-3328
16781061|14336|-38912|-3328|14336|-38912|-3328
16781062|16368|-41629.6|-2986.4|12382.3|-43172.3|-3328
16781071|12067.5|-32955.1|-2024.91|8957.12|-36864|-3328
16781072|11925.8|-37233.8|-2513.19|8942.18|-40960|-3328
16781073|12229.1|-41000.9|-3026.02|8676.26|-45056|-3668.1
16781082|7490.15|-34816|-2508.58|6144|-36778.3|-3328
16781083|8174.77|-36880|-2544.22|4096|-40762.1|-3328
16781084|7930.29|-41076.9|-3189.41|4253.28|-44546|-3848.63
16781091|3555.08|-32784|-2378.83|48.3445|-36855.3|-3396.95
16781092|4009.43|-37063.4|-3230.09|21.7559|-40026.9|-3738.01
16781093|4080|-41195.7|-3328|0|-43461.5|-4009.65
16783512|30720|-47104|-3328|30720|-47104|-3328
16783630|14336|-47104|-3328|14336|-47104|-3328
16783631|10918.6|-45252.9|-3328|10240|-47104|-3682.51
16783632|6144|-47104|-3328|6144|-47104|-3328
16783658|2048|-51200|-3328|2048|-51200|-3328
16783659|2048|-47104|-3328|2048|-47104|-3328
16784325|26624|-47104|-3328|26624|-47104|-3328
16784326|22528|-47104|-3328|22528|-47104|-3328
16784327|18432|-47104|-3328|18432|-47104|-3328
16784886|30720|-51200|-3328|30720|-51200|-3328
16784887|30720|-55296|-3328|30720|-55296|-3328
16784888|26624|-51200|-3328|26624|-51200|-3328
16784889|18432|-51200|-3328|18432|-51200|-3328
16784890|14336|-51200|-3328|14336|-51200|-3328
16784891|10240|-51200|-3328|10240|-51200|-3328
16784892|6144|-51200|-3328|6144|-51200|-3328
16784893|6144|-55296|-3328|6144|-55296|-3328
16784894|2048|-55296|-3328|2048|-55296|-3328
16785269|10240|-55296|-3328|10240|-55296|-3328
16785270|14336|-55296|-3328|14336|-55296|-3328
16785271|18432|-55296|-3328|18432|-55296|-3328
16785272|22528|-55296|-3328|22528|-55296|-3328
16785273|22528|-51200|-3328|22528|-51200|-3328
16785275|26624|-55296|-3328|26624|-55296|-3328
16779368|23883.8|-20586.8|-901.852|20512|-24576|-3328
16779369|23677.3|-24583.9|-1452.37|20488.2|-28672|-3328
16779370|20300.4|-20487.8|3518.67|16414.4|-24576|-3328
16779371|20468.5|-24750.9|-1452.37|16384|-27988.7|-3328
16779372|16329|-20496|-1278.59|12288|-24475.9|-3328
16779373|16267.1|-24592|-1674.59|12476.7|-28670.4|-3328
16779374|12259.5|-20729.6|400.049|8354.18|-24350.6|-3328
16779375|10240|-24583.9|-1962.08|8549.54|-27904.2|-3328
16779376|8186.08|-20519.6|-1650.85|4105.83|-22937.5|-3328
16779377|8060.31|-25764.8|-2056|4269.27|-28672|-3328
16779378|3923.49|-20603.7|-2271.64|120.39|-24467.6|-3328
16779379|3357.27|-30720|-2349.9|2048|-32477.6|-3328
16779380|4080|-24932.8|-2177.69|179.836|-27494|-3328
16779381|24539.1|-8356.04|-143.156|20489|-12237.4|-3328
16779382|24573.2|-12441.9|-1655.39|20555.3|-16158.4|-3328
16779383|24560|-16557.4|-952.637|20557.4|-20459.4|-3328
16779384|12283.2|-12661.6|-1294.11|8219.55|-16340.3|-3328
16779385|12260.8|-16524.7|-1613.23|9083.64|-20480|-3328
16779386|8190.32|-12649.4|-1623.4|4367.15|-16384|-3328
16779387|8176|-16400|-1778.84|5062.47|-20480|-3328
16779388|3720.38|-12776.2|-1626.83|0|-16234.9|-3328
16779389|3443.37|-16578.3|-2288|774.422|-20369.3|-3328
16779390|24526|-4257.87|-259.703|20682.2|-8107.18|-3328
16779391|20130|-4143.57|982.039|16384.9|-8192|-318.305
16779392|20464.4|-8228.16|1964.32|16418.1|-12263.8|-666.016
16779393|20479.1|-12320.4|337.503|16398.3|-16276.3|-3328
16779394|16332.2|-12293.6|326.469|12310.3|-15671.8|-3328
16779395|20468.9|-16522.9|3409.68|16384|-20480.1|-3328
16779396|16286.8|-16393|-1127.39|12348.3|-20400|-3328
16779397|28656|-350.837|-1684.53|24781.6|-3230.21|-3328
16779398|24518.5|-488.837|-846.701|21028.2|-3953.6|-3328
16779399|16376.9|-8196.42|1058.46|12301.9|-12139|-647.56
16779400|16335.7|-4550.7|116.795|13007|-8184.82|-312.473
16779401|12268.2|-8219.81|-568.288|8509.06|-12012|-1408.8
16779402|4040.64|-8525.05|-1010.69|1343.93|-11188.2|-3328
16779403|7961.28|-8871.18|-1378.85|4141.81|-11592.9|-3328
16779404|19561.7|-73.2847|102.808|16424.1|-4032.1|-586.591
16779405|16382.1|-4.36252|18.2051|12329.4|-3528.48|-896.708
16779406|12250.7|-868.25|-541.185|8209.7|-3989.88|-1102.89
16779407|11591.9|-4733.45|-603.316|8194.3|-8096.86|-1088
16779408|7411.95|-22.8583|-1024|4101.23|-4072.33|-1456
16779409|8166.31|-4097.7|-1054.1|4116.2|-8169.12|-1581.68
16779410|4083.59|-4144.98|-1027.48|166.683|-7815.26|-3328
16779411|4080|-3.66146|-264|0|-4064|-3328
16781001|30720|-1896|-1963.35|29772|-2048|-3328
16781002|32460.4|-6144|-2106.09|29346.2|-7875.25|-3328
16781003|32621.9|-8471.58|-2522.05|30720|-11561.3|-3494.38
16781004|30720|-14336|-3328|30720|-14336|-3328
16781005|30720|-18432|-3328|30720|-18432|-3328
16781006|30720|-22528|-2324.48|28785.9|-23396.1|-3328
16781007|30720|-26624|-3328|30720|-26624|-3328
16781008|30720|-30720|-3328|30720|-30720|-3328
16781020|26624|-5443.89|-1815.96|24576|-8078.69|-3328
16781021|26624|-8208|-1763.04|24576|-12074|-3328
16781022|28579.1|-12346.9|-1942.51|24608.8|-16189.1|-3328
16781023|28660.8|-16400|-1946.01|24737.7|-20340.8|-3328
16781024|27586.2|-21265|-2123.5|26624|-22528|-3328
16781025|26624|-26624|-3328|26624|-26624|-3328
16781026|26624|-30720|-3328|26624|-30720|-3328
16781037|22528|-28680.5|-1243.62|20530.1|-32652.6|-3328
16781048|20423|-30044.6|-1336.13|16442.6|-32044.5|-3328
16781059|15353|-28888.8|-1938.86|13978.8|-32601.5|-3328
16781070|11154.3|-28872|-2008|8392.26|-32768|-3328
16781081|6999.83|-28785.6|-2063.1|4252.87|-32591|-3328
16780984|34816|-34816|-3328|34816|-34816|-3328
16780985|34816|-38912|-3328|34816|-38912|-3328
16780986|34816|-43008|-3328|34816|-43008|-3328
16783513|34816|-47104|-3328|34816|-47104|-3328
16783515|34816|-51200|-3328|34816|-51200|-3328
16784883|38912|-51200|-3328|38912|-51200|-3328
16784884|38912|-55296|-3328|38912|-55296|-3328
16784885|34816|-55296|-3328|34816|-55296|-3328
16784930|38912|-34816|-3328|38912|-34816|-3328
16784931|38912|-38912|-3328|38912|-38912|-3328
16784932|38912|-43008|-3328|38912|-43008|-3328
16784933|38912|-47104|-3328|38912|-47104|-3328
16785280|43008|-55296|-3328|43008|-55296|-3328
16785281|43008|-51200|-3328|43008|-51200|-3328
16785291|43008|-47104|-3328|43008|-47104|-3328
16785292|43008|-43008|-3328|43008|-43008|-3328
16785293|43008|-38912|-3328|43008|-38912|-3328
16785294|43008|-34816|-3328|43008|-34816|-3328
16785563|51200|-34816|-3328|51200|-34816|-3328
16785564|51200|-38912|-3328|51200|-38912|-3328
16785565|51200|-43008|-3328|51200|-43008|-3328
16785566|51200|-47104|-3328|51200|-47104|-3328
16785579|47104|-34816|-3328|47104|-34816|-3328
16785580|47104|-38912|-3328|47104|-38912|-3328
16785581|47104|-43008|-3328|47104|-43008|-3328
16785582|47104|-47104|-3328|47104|-47104|-3328
16786062|63488|-34816|-3328|63488|-34816|-3328
16786063|59392|-34816|-3328|59392|-34816|-3328
16786064|55296|-34816|-3328|55296|-34816|-3328
16786065|63488|-38912|-3328|63488|-38912|-3328
16786066|59392|-38912|-3328|59392|-38912|-3328
16786067|55296|-38912|-3328|55296|-38912|-3328
16786068|63488|-43008|-3328|63488|-43008|-3328
16786069|59392|-43008|-3328|59392|-43008|-3328
16786070|55296|-43008|-3328|55296|-43008|-3328
16786071|63488|-47104|-3328|63488|-47104|-3328
16786072|59392|-47104|-3328|59392|-47104|-3328
16786073|55296|-47104|-3328|55296|-47104|-3328
16786074|63488|-51200|-3328|63488|-51200|-3328
16786075|59392|-51200|-3328|59392|-51200|-3328
16786076|55296|-51200|-3328|55296|-51200|-3328
16786077|51200|-51200|-3328|51200|-51200|-3328
16786078|47104|-51200|-3328|47104|-51200|-3328
16786079|63488|-55296|-3328|63488|-55296|-3328
16786080|59392|-55296|-3328|59392|-55296|-3328
16786081|55296|-55296|-3328|55296|-55296|-3328
16786082|51200|-55296|-3328|51200|-55296|-3328
16786083|47104|-55296|-3328|47104|-55296|-3328
16780976|34816|-2048|-3328|34816|-2048|-3328
16780977|34816|-6144|-3328|34816|-6144|-3328
16780978|35693.6|-10240|-3328|33140.1|-11668.9|-4103.15
16780979|34989.7|-13647.3|-3328|34730.3|-14336|-4144
16780980|34816|-18432|-3328|34816|-18432|-3328
16780981|35421|-21481.9|-3328|34675.7|-22528|-4140.69
16780982|34816|-26624|-3328|34816|-26624|-3328
16780983|34816|-30720|-3328|34816|-30720|-3328
16784903|43008|-2048|-3328|43008|-2048|-3328
16784904|43008|-6144|-3328|43008|-6144|-3328
16784905|43008|-10240|-3328|43008|-10240|-3328
16784906|43008|-14336|-3328|43008|-14336|-3328
16784907|43008|-18432|-3328|43008|-18432|-3328
16784908|43008|-22528|-3328|43008|-22528|-3328
16784922|40434|-313.088|-2383.5|38247.2|-3919.94|-3328
16784923|38912|-4112|-2974.13|37161.7|-7980.04|-3898.86
16784924|38912|-9067.92|-3328|36981.4|-10240|-3987.26
16784925|39717.1|-12384.2|-3328|37347.3|-16384|-4312.1
16784926|40944|-16537.7|-3328|36864|-20480|-4404.81
16784927|38912|-20684.9|-3328|37156.3|-22528|-4379.19
16784928|38912|-26624|-3328|38912|-26624|-3328
16784929|38912|-30720|-3328|38912|-30720|-3328
16785295|43008|-30720|-3328|43008|-30720|-3328
16785296|43008|-26624|-3328|43008|-26624|-3328
16785297|47104|-22528|-3328|47104|-22528|-3328
16785298|47104|-18432|-3328|47104|-18432|-3328
16785299|47104|-14336|-3328|47104|-14336|-3328
16785300|47104|-10240|-3328|47104|-10240|-3328
16785301|47104|-6144|-3328|47104|-6144|-3328
16785303|47104|-2048|-3328|47104|-2048|-3328
16785555|51200|-2048|-3328|51200|-2048|-3328
16785556|51200|-6144|-3328|51200|-6144|-3328
16785557|51200|-10240|-3328|51200|-10240|-3328
16785558|51200|-14336|-3328|51200|-14336|-3328
16785559|51200|-18432|-3328|51200|-18432|-3328
16785560|51200|-22528|-3328|51200|-22528|-3328
16785561|51200|-26624|-3328|51200|-26624|-3328
16785562|51200|-30720|-3328|51200|-30720|-3328
16785577|47104|-26624|-3328|47104|-26624|-3328
16785578|47104|-30720|-3328|47104|-30720|-3328
16786038|63488|-2048|-3328|63488|-2048|-3328
16786039|59392|-2048|-3328|59392|-2048|-3328
16786040|55296|-2048|-3328|55296|-2048|-3328
16786041|63488|-6144|-3328|63488|-6144|-3328
16786042|59392|-6144|-3328|59392|-6144|-3328
16786043|55296|-6144|-3328|55296|-6144|-3328
16786044|63488|-10240|-3328|63488|-10240|-3328
16786045|59392|-10240|-3328|59392|-10240|-3328
16786046|55296|-10240|-3328|55296|-10240|-3328
16786047|63488|-14336|-3328|63488|-14336|-3328
16786048|59392|-14336|-3328|59392|-14336|-3328
16786049|55296|-14336|-3328|55296|-14336|-3328
16786050|63488|-18432|-3328|63488|-18432|-3328
16786051|59392|-18432|-3328|59392|-18432|-3328
16786052|55296|-18432|-3328|55296|-18432|-3328
16786053|63488|-22528|-3328|63488|-22528|-3328
16786054|59392|-22528|-3328|59392|-22528|-3328
16786055|55296|-22528|-3328|55296|-22528|-3328
16786056|63488|-26624|-3328|63488|-26624|-3328
16786057|59392|-26624|-3328|59392|-26624|-3328
16786058|55296|-26624|-3328|55296|-26624|-3328
16786059|63488|-30720|-3328|63488|-30720|-3328
16786060|59392|-30720|-3328|59392|-30720|-3328
16786061|55296|-30720|-3328|55296|-30720|-3328
16786002|75776|-34816|-3328|75776|-34816|-3328
16786003|71680|-34816|-3328|71680|-34816|-3328
16786004|67584|-34816|-3328|67584|-34816|-3328
16786006|75776|-38912|-3328|75776|-38912|-3328
16786007|71680|-38912|-3328|71680|-38912|-3328
16786008|67584|-38912|-3328|67584|-38912|-3328
16786010|75776|-43008|-3328|75776|-43008|-3328
16786011|71680|-43008|-3328|71680|-43008|-3328
16786012|67584|-43008|-3328|67584|-43008|-3328
16786014|75776|-47104|-3328|75776|-47104|-3328
16786015|71680|-47104|-3328|71680|-47104|-3328
16786016|67584|-47104|-3328|67584|-47104|-3328
16786018|75776|-51200|-3328|75776|-51200|-3328
16786019|71680|-51200|-3328|71680|-51200|-3328
16786020|67584|-51200|-3328|67584|-51200|-3328
16786022|75776|-55296|-3328|75776|-55296|-3328
16786023|71680|-55296|-3328|71680|-55296|-3328
16786024|67584|-55296|-3328|67584|-55296|-3328
16785966|75776|-2048|-3328|75776|-2048|-3328
16785967|71680|-2048|-3328|71680|-2048|-3328
16785968|67584|-2048|-3328|67584|-2048|-3328
16785971|75776|-6144|-3328|75776|-6144|-3328
16785972|71680|-6144|-3328|71680|-6144|-3328
16785973|67584|-6144|-3328|67584|-6144|-3328
16785976|75776|-10240|-3328|75776|-10240|-3328
16785977|71680|-10240|-3328|71680|-10240|-3328
16785978|67584|-10240|-3328|67584|-10240|-3328
16785981|75776|-14336|-3328|75776|-14336|-3328
16785982|71680|-14336|-3328|71680|-14336|-3328
16785983|67584|-14336|-3328|67584|-14336|-3328
16785986|75776|-18432|-3328|75776|-18432|-3328
16785987|71680|-18432|-3328|71680|-18432|-3328
16785988|67584|-18432|-3328|67584|-18432|-3328
16785990|75776|-22528|-3328|75776|-22528|-3328
16785991|71680|-22528|-3328|71680|-22528|-3328
16785992|67584|-22528|-3328|67584|-22528|-3328
16785994|75776|-26624|-3328|75776|-26624|-3328
16785995|71680|-26624|-3328|71680|-26624|-3328
16785996|67584|-26624|-3328|67584|-26624|-3328
16785998|75776|-30720|-3328|75776|-30720|-3328
16785999|71680|-30720|-3328|71680|-30720|-3328
16786000|67584|-30720|-3328|67584|-30720|-3328
16781213|-32816.7|32758.1|-1244.91|-36819.6|28734.2|-1908.01
16781214|-32931.9|28572|-1341.26|-36835|24622.1|-1861.94
16781215|-32792.5|24553.9|-1216.26|-36748.9|20726.4|-1797.89
16781216|-32992.4|20440.4|-1482.85|-36725.8|16429.8|-1816.05
16781217|-32879.6|16326.2|-1326.55|-36832.9|12351.6|-1855.29
16781218|-32801.3|12261.4|-1040|-36196.9|8194.29|-1754.68
16781219|-32775|8095.25|-839.47|-36391.1|4364.84|-1307.26
16781220|-34816|3964.81|-993.637|-36670.6|1896.9|-3328
16781238|-36940.9|32515.5|-1318.09|-40040.2|28878.5|-1611.55
16781239|-36982.1|28498.9|-1335.27|-40461.1|24615.5|-1782.69
16781240|-36918.8|24575.4|-1371.2|-39433.7|21086.3|-1680.65
16781241|-36959|20145.4|-1277.46|-40561.1|16681.1|-1670.63
16781242|-36900.6|16184|-1099.25|-40795.1|13088.2|-1889.14
16781243|-37456.2|12162.5|-933.089|-40751.9|8207.17|-1256
16781244|-38199.7|8156.26|-901.888|-40752.4|5462.12|-1081.7
16781245|-40033.9|3295.62|-789.168|-40482.6|2541.83|-931.676
16781267|-40997.1|12984.8|-1183.16|-40997.1|12984.8|-1183.16
16781210|-34739.4|44714.3|-1415.64|-36821.2|41202.4|-1709.06
16781211|-33899.7|40557.9|-1504.68|-36787.8|37066.5|-1880.7
16781212|-32793.7|36626.6|-108.272|-36846.7|32779.8|-1842.27
16781235|-37478.9|44458.8|-1359.97|-38249.7|40965.5|-1446.04
16781236|-36870.2|40130.3|-1340.66|-40051.9|37026.6|-1581.26
16781237|-37001.4|36765.9|-1366.85|-39208.6|33021|-1672.36
16779310|-1.46313|28543.7|-918.629|-4087.07|24592.1|-1945.71
16779311|-4114.46|28660.7|-1202.61|-8024.66|24897|-1793.61
16779312|-8235.99|28630.5|-1553.39|-12254.8|24599.6|-1888.99
16779313|-12289.5|28635.1|-754.365|-16177.7|24627.9|-1728.94
16779314|-16409.5|28652.9|-720.977|-20410.5|24577.6|-1850.17
16779315|-8.2041|24536.9|-818.132|-4077.4|20547.2|-1760.4
16779316|-4158.68|24446.7|-739.409|-8179.21|20624.6|-1794.4
16779317|-8276.27|24544.5|-1302.68|-12277.3|20487.7|-1771.12
16779318|-12296.5|24574.8|-1585.67|-16305.5|20550.2|-2969.32
16779319|-16625.2|24570.9|-865.856|-20278.9|20508.7|-1866.72
16779320|-20491.9|24533.2|-1560.93|-24549.5|20491.5|-1807.41
16779321|-25.5953|20474|-1254.98|-4079.84|16482.5|-1723.75
16779322|-4148.15|20396.4|-1558.29|-8159.65|16392.2|-1808
16779323|-8237.76|20434.3|-1218.51|-11975.8|16395.4|-2232.56
16779324|-12295.1|20214.8|-1607.68|-16181.7|16425.5|-1820.76
16779325|-16389.8|20467.6|-989.497|-20463.8|16391.7|-1747.1
16779326|-20614.4|20433.6|-1200.13|-24561.2|16476.4|-2065.71
16779327|-5.15572|16352.7|-980.431|-3804.25|12340.9|-1947.71
16779328|-4193.52|16313|-1167.37|-8185.95|12326.2|-1895.35
16779329|-8200|16335.4|-1026.42|-12275.8|12316.2|-1834.24
16779330|-12299.1|16328|-1579.66|-16299.3|12306.8|-1929.4
16779331|-16410|16255.9|-813.708|-20350.3|12336.6|-1781.78
16779332|-20507.6|16356.1|-813.07|-24411.3|12303.6|-1862.17
16779333|-24638.5|12278.9|-830.166|-28618.6|8215.57|-1735.15
16779334|-20506.3|12211|-820.887|-24453.6|8237.71|-1829.69
16779335|-25122.8|8190.1|-1121.2|-28628.9|4107.33|-1702.76
16779336|-24704.3|3133.99|-1086.51|-28567.4|1003.25|-3328
16779337|-17.0127|12266.9|-1071.93|-4081.05|8215.74|-1556.68
16779338|-4504.16|12277.6|-1242.98|-8117.44|8279.57|-1848
16779339|-8208|12285.1|-1366.61|-12083|8197.11|-1887.67
16779340|-12316|12277.8|-856.115|-16366.1|8297.39|-1853.41
16779341|-16442.4|12285.2|-1124.96|-20433.5|8409.9|-1865.35
16779342|-46.0849|8153.8|-1024|-4096.16|4136|-1405.68
16779343|-4106.46|8146.02|-1034.9|-8191.42|4096.6|-1380.65
16779344|-8277.7|8185.86|-1038.71|-12276.4|4134.16|-1455.25
16779345|-12293.1|8086.79|-758.475|-16371.6|4142.23|-1492.97
16779346|-16425.3|8057.31|-908.979|-20195.8|4459.85|-1578.33
16779347|-20554.1|8174.92|-733.354|-24488.1|5169.43|-1605.73
16779348|-20481.7|4009.19|-1116.05|-24558.8|40.4824|-1327.45
16779349|-21.9446|4094.4|-960|-4096|64|-1488
16779350|-4111.68|4069.18|-824|-8160.15|62|-2000
16779351|-8234.92|3996.16|-1149.54|-12243.4|33.2298|-1412.07
16779352|-16712.6|3619.11|-870.331|-20418.2|946.379|-1142.34
16779353|-12330.2|4073.97|-893.782|-16331.7|33.0236|-1167.27
16781100|-1.49835|32728.9|-1591|-4082.11|28806.6|-1729.68
16781111|-4123.12|32538.3|-1386.58|-8058.34|28709|-1853.01
16781122|-8243.88|32758|-1506.43|-12259|28702.9|-1901.68
16781133|-12346.5|32716.8|-1050.96|-16056.6|28705.8|-1756.33
16781144|-16500.9|32733.1|-567.932|-20479.9|28678|-1842.97
16781155|-20510.2|32546|-1488.63|-24493.9|28674.5|-1953.33
16781156|-20603.9|28664.6|-783.458|-24493.9|24593.8|-1787.76
16781167|-24699.4|32730.7|-1251.16|-28641.7|28682.8|-2140.02
16781168|-24598.6|28656|-894.265|-28670.3|24628.4|-1780.19
16781169|-24632.7|24388.1|-1372.46|-28672|20511.4|-1833.84
16781170|-24584.5|20439.4|-1017.5|-28671.9|16399.1|-1852.71
16781171|-24603.2|16378.1|-1041.19|-28407.6|12295|-1882.9
16781188|-28681.2|32743|-1182.04|-32762.9|28692.6|-2070.75
16781189|-28678.9|28626.2|-1391.05|-32736.9|24602.5|-1938.03
16781190|-28684.9|24545.2|-495.833|-32628.1|20662.7|-1902.19
16781191|-28674.7|20374.9|-976.073|-32752.8|16433.2|-1800.64
16781192|-28690.9|16323|-1549.23|-32757.2|12297.9|-1797.58
16781193|-28682.3|12249.5|-1338.75|-32766.4|8247.2|-1866.69
16781194|-28707.8|8160.63|-1086.73|-32734.8|4113.39|-3328
16781195|-28943.4|4090.34|-1580.4|-32761.3|83.1808|-3328
16781097|-1208.15|42434.5|-1523.52|-3912.7|41556|-1639.92
16781098|-37.4948|40248.8|-1500.57|-3857.11|36864.6|-1869.83
16781099|-25.4036|36587.1|-715.456|-4040.92|33151.8|-1739.63
16781108|-5452.71|41588.5|-1575.04|-7758.65|40986|-1638.86
16781109|-4700.66|38293.7|-1604.11|-8137.09|36899.9|-1706.04
16781110|-4099.51|36860.9|-1462.78|-8169.32|32792|-1890.55
16781119|-8423.18|44287.9|-1570.08|-11681.2|41210.5|-1850.46
16781120|-8307.74|40446.5|-1474.63|-11897.1|36866.8|-1707.13
16781121|-8193.16|36845.8|-1243.62|-12119.7|32769.8|-1871.58
16781130|-13578.9|44114.9|-1561.57|-16383.2|41127.2|-1686.88
16781131|-12569|40272.6|-1494.09|-16312.4|36895.2|-1760.24
16781132|-12373|36708.1|-968.491|-16361.7|32801.9|-1778.04
16781141|-16675.4|43492.5|-1534.8|-19273.4|41129.4|-1721.66
16781142|-16644.6|40793.6|-1541.43|-20176|36867.9|-1698.11
16781143|-16405.4|36858.8|-1436.58|-20442.8|32778.5|-1837.64
16781152|-20865.6|43879.1|-1617.13|-24482.7|41595.9|-1744.89
16781153|-20608.7|40343|-1544.42|-24557.6|36863.6|-1733.32
16781154|-20511.1|36862.1|-1487.41|-24554.8|32993.7|-1897.84
16781164|-25308.1|43194.9|-1554.53|-28529.2|41222.4|-1691.81
16781165|-25145.8|40931.1|-1540.77|-28667.9|36868.9|-1749.76
16781166|-24645.8|36863.4|-1361.93|-28660.2|32770.5|-1770.13
16781185|-29169.9|42823.7|-1590.79|-32111.9|41581.2|-1723.61
16781186|-28766.5|39868.2|-1548.85|-31302.9|36875|-1714.59
16781187|-28763.9|36718.2|-1181.55|-32734.7|32890.2|-1801.6
16779945|-67584|-34816|-3328|-67584|-34816|-3328
16779950|-67584|-38912|-3328|-67584|-38912|-3328
16779955|-67584|-43008|-3328|-67584|-43008|-3328
16783678|-67584|-47104|-3328|-67584|-47104|-3328
16784867|-67584|-51200|-3328|-67584|-51200|-3328
16785247|-67584|-55296|-3328|-67584|-55296|-3328
16779923|-67584|-2048|-3328|-67584|-2048|-3328
16779925|-67584|-6144|-3328|-67584|-6144|-3328
16779927|-67584|-10240|-3328|-67584|-10240|-3328
16779929|-67584|-14336|-3328|-67584|-14336|-3328
16779931|-67584|-18432|-3328|-67584|-18432|-3328
16779933|-67584|-22528|-3328|-67584|-22528|-3328
16779935|-67584|-26624|-3328|-67584|-26624|-3328
16779940|-67584|-30720|-3328|-67584|-30720|-3328
16779941|-55296|-34816|-3328|-55296|-34816|-3328
16779942|-59392|-34816|-3328|-59392|-34816|-3328
16779943|-63488|-34816|-3328|-63488|-34816|-3328
16779946|-55296|-38912|-3328|-55296|-38912|-3328
16779947|-59392|-38912|-3328|-59392|-38912|-3328
16779948|-63488|-38912|-3328|-63488|-38912|-3328
16779951|-55296|-43008|-3328|-55296|-43008|-3328
16779952|-59392|-43008|-3328|-59392|-43008|-3328
16779953|-63488|-43008|-3328|-63488|-43008|-3328
16780705|-51200|-34816|-3328|-51200|-34816|-3328
16780706|-51200|-38912|-3328|-51200|-38912|-3328
16780860|-51200|-43008|-3328|-51200|-43008|-3328
16781229|-32952.7|-33522.9|-3328|-36114.8|-34816|-4152
16781230|-34816|-38912|-3328|-34816|-38912|-3328
16781231|-34816|-43008|-3328|-34816|-43008|-3328
16781254|-38912|-34816|-3328|-38912|-34816|-3328
16781255|-38912|-38912|-3328|-38912|-38912|-3328
16781256|-38912|-43008|-3328|-38912|-43008|-3328
16781279|-43008|-34816|-3328|-43008|-34816|-3328
16781280|-43008|-38912|-3328|-43008|-38912|-3328
16781281|-43008|-43008|-3328|-43008|-43008|-3328
16781304|-47104|-34816|-3328|-47104|-34816|-3328
16781305|-47104|-38912|-3328|-47104|-38912|-3328
16781306|-47104|-43008|-3328|-47104|-43008|-3328
16783668|-34816|-47104|-3328|-34816|-47104|-3328
16783669|-38912|-47104|-3328|-38912|-47104|-3328
16783670|-43008|-47104|-3328|-43008|-47104|-3328
16783671|-47104|-47104|-3328|-47104|-47104|-3328
16783672|-51200|-47104|-3328|-51200|-47104|-3328
16783673|-55296|-47104|-3328|-55296|-47104|-3328
16783674|-59392|-47104|-3328|-59392|-47104|-3328
16783675|-63488|-47104|-3328|-63488|-47104|-3328
16784351|-34816|-51200|-3328|-34816|-51200|-3328
16784353|-47104|-51200|-3328|-47104|-51200|-3328
16784354|-55296|-51200|-3328|-55296|-51200|-3328
16784355|-51200|-51200|-3328|-51200|-51200|-3328
16784899|-38912|-51200|-3328|-38912|-51200|-3328
16784900|-43008|-51200|-3328|-43008|-51200|-3328
16784901|-59392|-51200|-3328|-59392|-51200|-3328
16784902|-63488|-51200|-3328|-63488|-51200|-3328
16785248|-63488|-55296|-3328|-63488|-55296|-3328
16785249|-59392|-55296|-3328|-59392|-55296|-3328
16785250|-55296|-55296|-3328|-55296|-55296|-3328
16785251|-51200|-55296|-3328|-51200|-55296|-3328
16785252|-47104|-55296|-3328|-47104|-55296|-3328
16785253|-43008|-55296|-3328|-43008|-55296|-3328
16785254|-38912|-55296|-3328|-38912|-55296|-3328
16785255|-34816|-55296|-3328|-34816|-55296|-3328
16779936|-55296|-30720|-3328|-55296|-30720|-3328
16779937|-59392|-30720|-3328|-59392|-30720|-3328
16779938|-63488|-30720|-3328|-63488|-30720|-3328
16780529|-63488|-2048|-3328|-63488|-2048|-3328
16780689|-59392|-2048|-3328|-59392|-2048|-3328
16780690|-63488|-6144|-3328|-63488|-6144|-3328
16780691|-59392|-6144|-3328|-59392|-6144|-3328
16780692|-63488|-10240|-3328|-63488|-10240|-3328
16780693|-59392|-10240|-3328|-59392|-10240|-3328
16780694|-63488|-14336|-3328|-63488|-14336|-3328
16780695|-59392|-14336|-3328|-59392|-14336|-3328
16780696|-63488|-18432|-3328|-63488|-18432|-3328
16780697|-59392|-18432|-3328|-59392|-18432|-3328
16780698|-55296|-26624|-3328|-55296|-26624|-3328
16780699|-63488|-26624|-3328|-63488|-26624|-3328
16780700|-59392|-26624|-3328|-59392|-26624|-3328
16780701|-63488|-22528|-3328|-63488|-22528|-3328
16780702|-59392|-22528|-3328|-59392|-22528|-3328
16780703|-51200|-26624|-3328|-51200|-26624|-3328
16780704|-51200|-30720|-3328|-51200|-30720|-3328
16780837|-55296|-2048|-3328|-55296|-2048|-3328
16780838|-51200|-2048|-3328|-51200|-2048|-3328
16780839|-55296|-6144|-3328|-55296|-6144|-3328
16780840|-51200|-6144|-3328|-51200|-6144|-3328
16780841|-55296|-10240|-3328|-55296|-10240|-3328
16780842|-51200|-10240|-3328|-51200|-10240|-3328
16780843|-55296|-14336|-3328|-55296|-14336|-3328
16780844|-51200|-14336|-3328|-51200|-14336|-3328
16780845|-55296|-22528|-3328|-55296|-22528|-3328
16780846|-51200|-22528|-3328|-51200|-22528|-3328
16780847|-55296|-18432|-3328|-55296|-18432|-3328
16780848|-51200|-18432|-3328|-51200|-18432|-3328
16781221|-32880.1|-527.054|-1943.42|-35636.7|-2048|-3328
16781222|-33183.7|-5917.94|-2345.87|-35391.8|-8159.49|-3328
16781223|-32769|-8266.96|-2284.64|-34816|-10240|-3328
16781224|-34816|-14336|-3328|-34816|-14336|-3328
16781225|-32795.2|-16626.9|-2256|-35260.2|-20295.7|-3328
16781226|-32779.9|-20484.4|-3065.52|-36375.9|-23341.8|-3702.31
16781227|-32784|-25922.9|-3328|-36864|-28672|-4112.1
16781228|-33163.8|-28747.9|-3328|-36592.5|-30720|-4054.07
16781246|-38912|-2048|-3328|-38912|-2048|-3328
16781247|-38912|-6144|-3328|-38912|-6144|-3328
16781248|-38912|-10240|-3328|-38912|-10240|-3328
16781249|-38912|-14336|-3328|-38912|-14336|-3328
16781250|-38912|-18432|-3328|-38912|-18432|-3328
16781251|-38912|-22528|-3328|-38912|-22528|-3328
16781252|-36912.3|-25751.2|-3328|-38912|-26624|-4115.02
16781253|-38912|-30720|-3328|-38912|-30720|-3328
16781271|-41699.7|-2048|-1984.14|-43008|-2612.85|-3328
16781272|-43008|-6144|-3328|-43008|-6144|-3328
16781273|-43008|-10240|-3328|-43008|-10240|-3328
16781274|-43008|-14336|-3328|-43008|-14336|-3328
16781275|-43008|-18432|-3328|-43008|-18432|-3328
16781276|-43008|-22528|-3328|-43008|-22528|-3328
16781277|-43008|-26624|-3328|-43008|-26624|-3328
16781278|-43008|-30720|-3328|-43008|-30720|-3328
16781296|-47104|-2048|-3328|-47104|-2048|-3328
16781297|-47104|-6144|-3328|-47104|-6144|-3328
16781298|-47104|-10240|-3328|-47104|-10240|-3328
16781299|-47104|-14336|-3328|-47104|-14336|-3328
16781300|-47104|-18432|-3328|-47104|-18432|-3328
16781301|-47104|-22528|-3328|-47104|-22528|-3328
16781302|-47104|-26624|-3328|-47104|-26624|-3328
16781303|-47104|-30720|-3328|-47104|-30720|-3328
16781102|-154.686|-32972|-2840.87|-3828.84|-36855.3|-3731.75
16781103|-5.39694|-36880|-3328|-4096|-40272.2|-3848
16781104|-58.1706|-41211.3|-3328|-3853.38|-43883.9|-4008.89
16781113|-4309.65|-32907.1|-3270.04|-7719.66|-36864|-3791.84
16781114|-4322.81|-37240.1|-3328|-6144|-40263.6|-3849.83
16781115|-6144|-43008|-3328|-6144|-43008|-3328
16781124|-8780.08|-32856.3|-3328|-12288|-34816|-3776.18
16781125|-10240|-38912|-3328|-10240|-38912|-3328
16781126|-10240|-43008|-3328|-10240|-43008|-3328
16781135|-12476.4|-32784|-3328|-16111.5|-35847.9|-3920
16781136|-14336|-38912|-3328|-14336|-38912|-3328
16781137|-14336|-43008|-3328|-14336|-43008|-3328
16781146|-16400|-34816|-3328|-20284.4|-36864|-4016
16781147|-18432|-38912|-3328|-18432|-38912|-3328
16781148|-18432|-43008|-3328|-18432|-43008|-3328
16781158|-20496|-33036.4|-3328|-24530|-35657.6|-4101.13
16781159|-22528|-38912|-3328|-22528|-38912|-3328
16781160|-22528|-43008|-3328|-22528|-43008|-3328
16781179|-24678|-33023.6|-3328|-28637.5|-36511.5|-4152
16781180|-26624|-38912|-3328|-26624|-38912|-3328
16781181|-26624|-43008|-3328|-26624|-43008|-3328
16781204|-28749.9|-32851.5|-3328|-32208|-36864|-4192
16781205|-30720|-38912|-3328|-30720|-38912|-3328
16781206|-30720|-43008|-3328|-30720|-43008|-3328
16783660|-2048|-47104|-3328|-2048|-47104|-3328
16783661|-6144|-47104|-3328|-6144|-47104|-3328
16783662|-10240|-47104|-3328|-10240|-47104|-3328
16783663|-14336|-47104|-3328|-14336|-47104|-3328
16783664|-18432|-47104|-3328|-18432|-47104|-3328
16783665|-22528|-47104|-3328|-22528|-47104|-3328
16783666|-26624|-47104|-3328|-26624|-47104|-3328
16783667|-30720|-47104|-3328|-30720|-47104|-3328
16784348|-18432|-51200|-3328|-18432|-51200|-3328
16784349|-22528|-51200|-3328|-22528|-51200|-3328
16784350|-26624|-51200|-3328|-26624|-51200|-3328
16784352|-30720|-51200|-3328|-30720|-51200|-3328
16784895|-2048|-51200|-3328|-2048|-51200|-3328
16784896|-6144|-51200|-3328|-6144|-51200|-3328
16784897|-10240|-51200|-3328|-10240|-51200|-3328
16784898|-14336|-51200|-3328|-14336|-51200|-3328
16785256|-30720|-55296|-3328|-30720|-55296|-3328
16785257|-26624|-55296|-3328|-26624|-55296|-3328
16785258|-22528|-55296|-3328|-22528|-55296|-3328
16785259|-18432|-55296|-3328|-18432|-55296|-3328
16785260|-14336|-55296|-3328|-14336|-55296|-3328
16785261|-10240|-55296|-3328|-10240|-55296|-3328
16785263|-6144|-55296|-3328|-6144|-55296|-3328
16785265|-2048|-55296|-3328|-2048|-55296|-3328
16779267|-21266.5|-8275.73|-2153.36|-24488|-12125|-3328
16779268|-20496|-12336.8|-2312|-24541.9|-16373.5|-3328
16779269|-20496|-16400|-2520.18|-23267.1|-20480|-3328
16779270|-48.9368|-20650.9|-2289.71|-3924.62|-23807.6|-3328
16779271|-16|-24592|-2252.53|-4027.22|-28669.3|-3328
16779272|-5625.38|-22528|-2661.97|-8154.58|-24576|-3328
16779273|-4131.93|-24598.1|-2520.74|-8192|-28669.3|-3328
16779274|-8435.24|-21628.9|-2264.5|-12288|-24576|-3328
16779275|-8289.76|-24765.2|-2747.83|-12288|-28454.8|-3532.93
16779276|-12302.9|-20505.3|-2506.65|-15861.9|-22895|-3328
16779277|-12416.8|-24610.9|-2956.36|-16384|-28364.1|-3639.51
16779278|-17090.9|-22528|-332.605|-18432|-24416.2|-3328
16779279|-20496|-20599.6|-2887.51|-24383.8|-24066|-3328
16779280|-16505.7|-26624|-3328|-20480|-28501|-3631.94
16779281|-20822.4|-24592.1|-3328|-24417.9|-28513.9|-3804.24
16779282|-2048|-8795.25|-755.967|-3907.48|-12044.6|-3328
16779283|-40.0203|-12420.9|-2313.79|-4066.9|-16384|-3328
16779284|-9.89529|-16389.3|-2336.42|-4096|-20467.1|-3328
16779285|-4498.55|-10240|-1573.78|-8162.83|-11535|-3328
16779286|-4112|-12304|-2312.88|-8192|-14336|-3328
16779287|-4173.96|-16870.7|-2517.99|-6885.4|-18783.9|-3328
16779288|-8231|-8647.23|-907.375|-11831.6|-12234.6|-3328
16779289|-12701.5|-4509.83|-1433.56|-16173.3|-8146.07|-3328
16779290|-13352.3|-8248.15|-1966.36|-16067.3|-11667.2|-3328
16779291|-18432|-8221.37|-2001.8|-19451.6|-12283|-3328
16779292|-16710.5|-12333.4|-2164.62|-19938.3|-16384|-3328
16779293|-17448.9|-4713.58|-1606.78|-19433.8|-8123.14|-3328
16779294|-22353.9|-5243.51|-2008.1|-24296|-8084.22|-3328
16779295|-9144.18|-12304|-1665.95|-12288|-16363.6|-3328
16779296|-8953.96|-16433.4|-2358.41|-12158.2|-20273.7|-3328
16779297|-12677|-14002.5|-2411.1|-16119.3|-15499.7|-3328
16779298|-12464|-16583.8|-2424|-15180.6|-20273.7|-3328
16779299|-16567.8|-16400|-2459|-20358.3|-20291.3|-3328
16779300|-16840.2|-348.767|816.418|-20160.8|-3599.49|-3328
16779301|-25232.9|-633.453|-1567.21|-27789.7|-4070.2|-3328
16779302|-20759.4|-2.20065|-327.361|-24490.1|-3935.93|-3328
16779303|-379.139|-4097.15|716.197|-4083.85|-7929.45|-3328
16779304|-8215.21|-4389.49|-907.375|-11325.4|-8129.79|-3328
16779305|-4105.86|-4104.2|-1046.52|-8165.97|-7683.1|-3328
16779306|-0.525779|-40|-272|-4096|-4092.13|-3328
16779307|-4168|-2.68167|-854.515|-7938.27|-4093.23|-3328
16779308|-8234.68|-48.9091|-452.729|-12060.5|-4029.65|-3328
16779309|-12475|-80.5023|-963.843|-16094.2|-3209.34|-3328
16781101|-2048|-28885.7|-2641.61|-3918.67|-31553.3|-3328
16781112|-4112|-29198|-2717.5|-6144|-32768|-3328
16781123|-8955.84|-30720|-3328|-11301.7|-32768|-3810.21
16781134|-12317.3|-28688|-3328|-15638.8|-32468.6|-3760.64
16781145|-18432|-29691.7|-3328|-20309.3|-30720|-3727.5
16781157|-21006|-29467.1|-3328|-24449.6|-32768|-3975.44
16781172|-24580.6|-4213.72|-1956.26|-28160.8|-8123.38|-3328
16781173|-24605.1|-8260.38|-2425.54|-28496.1|-10388.4|-3328
16781174|-24592|-12304|-2336.75|-28162|-15732|-3328
16781175|-26624|-18432|-2683.8|-28630|-20107.3|-3328
16781176|-26624|-20500|-3200.26|-28363.8|-24375.8|-3670.45
16781177|-25092.5|-24746.2|-3328|-28672|-28672|-3960.59
16781178|-25244|-28765.5|-3328|-28667.6|-31047.1|-3889.16
16781196|-30295.4|-926.998|-1643.63|-30997.3|-2202.4|-3328
16781197|-29527|-4213.54|-2140.97|-31483.8|-6144|-3328
16781198|-29599.3|-8806.67|-2087.44|-32721.9|-12286.8|-3328
16781199|-29198|-12297.1|-555.208|-31467|-16384|-3328
16781200|-28688|-16508.3|-2484.33|-32768|-20480|-3328
16781201|-29004.4|-20796.4|-3195.33|-32632.9|-24576|-3853.31
16781202|-28920.5|-24592|-3328|-32617.4|-28597.4|-3990.83
16781203|-28887.6|-28745.4|-3328|-32280.3|-32768|-4024
16820405|28480|14336|1406.68|14200.8|264.505|-928
16820371|15184.2|20094.5|1518.06|12504.4|16702.4|234.019
16820375|29153|8600.18|-33.2838|29153|8600.18|-33.2838
16820376|30115.9|8073.04|974.29|28692.4|4119.23|78.7108
16820377|29854.4|3048.94|516.553|29227.2|1377.99|480.12
16820395|26192.5|14030.2|1091.33|24702.9|12449.3|328.046
16820397|24537|15099.1|936.874|20504.5|12302.6|-204.9
16820398|20451.9|14684.7|945.742|16671.3|12316|-112.156
16820399|16311.7|13244.9|944|15728|12672|220.585
16820400|12108.3|9580.47|793.219|11430.9|9053.83|737.573
16820401|12180.6|7806|947.714|11603.7|6818.53|-54.6316
16820402|20466.9|12285.5|1518.06|16423.6|8198.72|-120.667
16820403|16335.1|12258.6|1641.41|12433.5|8200.61|-84.4781
16820404|16376|8182.38|1097.44|12536.6|4339.18|-171.442
16820406|28628.2|12251.1|808.641|24586.4|8218.58|-400.586
16820407|28664.4|8104.01|1025.27|24828.6|4150.18|-175.34
16820408|28358.9|3975.9|865.143|24597.3|26.9808|-97.6755
16820410|24521.3|12273.1|1039.34|20484.6|8247.68|-242.107
16820411|23778.7|8108.37|836.174|20579.2|4137.62|-102.953
16820412|24562.4|4062.67|1233.34|20485.6|41.5833|-225.437
16820414|20417.9|8176.95|1542.17|16407.4|4136.23|-279.085
16820415|20465.1|4031.22|1447.57|16872.2|61.4197|-288.503
16843148|0|0|9|0|0|9
16820409|24662.8|-471.805|64.5022|24662.8|-471.805|64.5022
16820413|24327.7|-7.93185|960.407|20497.1|-1300.63|-105.502
16820416|20307.7|-63.7483|836.174|18188.1|-1422.53|-82.7593
