0x10125fb|36|50|2|4|3.3333|0.75|0x2
0x10125fa|55|400|3|9|0|1.5|0x3
0x10125f9|150|500|6|25|1.9667|0.75|0x2
0x10125f8|75|300|3|9|0|2.30769|0x3
0x10125f7|40|200|3|6|0|2.30769|0x3
0x10125f6|50|450|1|7|0|3|0x3
0x10125f5|20|100|1|4|0|3|0x3
0x101098a|20|400|1|6|0|3|0x3
0x10106b0|1|5|1|1|1.3|0.6522|0x5
0x100ed14|250|700|7|45|3.3333|0.75|0x2
0x100ed0f|55|600|6|25|0|1.5|0x3
0x100e015|0|100|0|0|1.3|1.57895|0x0
0x100da2f|130|1000|1|100|3|1.57895|0x0
0x100d5b3|350|300|6|80|2|2.25|0x2
0x100d5a8|55|400|3|15|0|1.4286|0x3
0x100d3b5|25|5|0.5|1|1.3|0.652174|0x5
0x100d1e4|50|5|0.5|1|1.3|0.652174|0x5
0x100c1c3|500|900|8|60|3|1.03448|0x1
0x10088de|200|300|8|40|3.3333|0.75|0x2
0x100838f|60|500|6|20|0|1.5|0x3
0x10082b5|55|300|3|12|0|1.5|0x3
0x1007473|175|300|6|85|2|2.25|0x2
0x1006ab7|20|10|1|1|0|3|0x3
