WastelandNV|0xda726|2048|2048|1|0|0
BoulderCityWorld|0x14c723|0|0|1|58000|10000
NVDLC01TestMap01|0x1000802|512|512|1|0|0
NVDLC01Villa|0x1000bac|512|512|10|8000|32000
NVDLC01WestTownN|0x1001315|512|512|10|-77000|74000
NVDLC01EastTownS|0x1003575|512|512|10|36000|40000
NVDLC01WestTownS|0x1006edb|512|512|10|-78000|40000
NVDLC01VillaDean|0x10076ba|512|512|10|8000|16000
NVDLC01VillaChristine|0x10094e8|512|512|10|-78000|154000
NVDLC01EastTownN|0x100b050|512|512|10|36000|40000
HeightTest01|0x100e9de|0|0|1|0|0
