                                                                     
                                                                     
                                                                     
                                             
0x1000ac3|8000|100|30|400|3|1.57895|0x0
0x1000a18|5600|95|20|110|2.5|0.447761|0x2
0x434f|750|80|3|22|1.3|2.75|0x2
0x121154|250|200|15|12|3|4.26|0x1
0x4330|150|5|0.5|1|1.3|0.6522|0x5
0x10008c9|110|5|0.5|1|1.3|0.652174|0x6
0x10008c8|15|5|0.5|1|1.3|0.652174|0x5
0x1000857|1200|1200|6|50|0|1|0x3
0x1000856|800|80|6|40|1.3|1.09091|0x4
0x1000855|200|150|3|33|2|1.75|0x1
0x1000854|4800|50|9|66|2.5|2.72728|0x1
0x1000853|3000|100|2|38|2|2.5|0x1
0x1000852|3500|110|4|58|3|1.5|0x2
0x1000851|2800|1600|20|80|0|1|0x3
0x1000850|3950|750|6|13|2|12|0x2
0x100084f|5600|95|20|110|2.5|0.447761|0x2
0x100084e|5100|500|5|36|2|9|0x2
0x100084d|175|200|3|12|3|0|0x1
0x100084c|250|400|3|22|0|1.65|0x3
0x100081b|4200|150|8|2|2.1667|2.5|0x0
0x1000818|50|5|0.5|1|1.3|0.652174|0x5
0x1000817|2500|200|3|22|0|3.2308|0x3
0x1000815|275|5|3.25|5|1.3|0.326087|0x6
0x1000814|25|5|0.5|1|1.3|0.652174|0x6
0x1000813|1200|175|5|28|2.5|2.75|0x2
0x1000812|1500|300|9.5|48|1.9|1.92857|0x2
0x1000811|750|50|0.5|1|1.3|0.3261|0x6
0x1000810|15000|200|6|32|2.86|3|0x4
0x100080f|12000|400|3|42|0|2.76923|0x3
0x100080e|20000|200|5.5|78|0.5|1.38462|0x2
0x100080d|8250|500|5|22|2.6667|10|0x2
0x100080c|12000|350|6.2|55|1.9667|1.18421|0x2
0x100080b|9500|300|22|15|1.5|7|0x0
0x100080a|20000|220|20|35|3|7|0x1
0x1000809|20000|80|6|70|1.3|1.09091|0x4
0x1000808|8500|80|12|42|1.56|1.56522|0x3
0x1000807|7800|200|8|50|0|1.51579|0x3
0x1000806|20000|800|15|19|2.1667|15.0075|0x2
0x1000805|16000|120|3.2|45|1.6667|3.25|0x2
0x1000804|18000|125|40|475|3|1.89474|0x0
0x1000803|20000|1000|15|16|3|20|0x1
0x1000802|8900|800|7|25|3|7|0x1
0x1000800|3000|800|7|120|2.3333|168|0x1
