0x100e1f7|3900|500|5.5|45|0.5|1.84615|0x2
0xcda5c|1800|900|8|3|3|4|0x1
0x100ca89|6200|90|10|50|1.95|1.95652|0x4
0x100ca88|6200|90|10|50|1.95|1.95652|0x4
0x100ab55|1|100|1|1|1.3|1.25|0x2
0x100a864|110|100|1|1|1.3|8.75|0x2
0x100a606|2000|100|1|30|0|3.6923|0x3
0x1009aef|1070|1000|15|12|1.9667|15|0x0
0x1009aee|1070|1000|15|11|1.9667|15|0x0
0x1009aed|1070|1000|15|10|1.9667|15|0x0
0x1009aec|1070|1000|15|9|1.9667|15|0x0
0x1009aea|4300|1000|15|120|3.1667|1.57895|0x0
0x1009ae9|4300|1000|15|100|3.1667|1.57895|0x0
0x1009ae8|4300|1000|15|80|3.1667|1.57895|0x0
0x1009ae7|4300|1000|15|60|3.1667|1.57895|0x0
0x1009ae5|1070|1000|15|9|1.3|20|0x1
0x1009ae4|1070|1000|15|8|1.3|20|0x1
0x1009ae3|1070|1000|15|7|1.3|20|0x1
0x1009ae2|1070|1000|15|6|1.3|20|0x1
0x10099fb|290|150|1|9|3.3333|30|0x1
0x10099fa|290|150|1|8|3.3333|30|0x1
0x10099f9|290|150|1|7|3.3333|30|0x1
0x10099f8|290|150|1|6|3.3333|30|0x1
0x10099f7|180|100|1|8|2.2|25|0x1
0x10099f6|180|100|1|7|2.2|25|0x1
0x10099f5|180|100|1|6|2.2|25|0x1
0x10099f4|180|100|1|5|2.2|25|0x1
0x10099f3|100|50|1|8|2.2|15|0x1
0x10099f2|100|50|1|7|2.2|15|0x1
0x10099f1|100|50|1|6|2.2|15|0x1
0x10099f0|100|50|1|5|2.2|15|0x1
0x10099a8|110|100|1|30|1.3|8.75|0x2
0x1009753|2500|550|8|85|0|1.5|0x3
0x1009752|2500|550|8|75|0|1.5789|0x3
0x1009751|2500|550|8|73|0|1.5789|0x3
0x1009750|2500|550|8|65|0|1.5789|0x3
0x100925e|5000|550|4|9|2.6667|14|0x2
0x1008cb9|2500|1600|10|50|1.3|3.2|0x4
0x1008b05|5700|150|12|60|0|2.13158|0x3
0x1008858|7500|800|17|30|2.8333|7|0x0
0x10076e3|125|10000|0.75|1|1.3|0.5|0x6
0x10076e0|2500|250|8|45|0|1.89474|0x3
0x10076a9|1|100|1|18|1.3|1.5|0x2
0x1007670|0|10000|0|0|0.0233|0.1|0x1
0x100766b|3700|250|15|9|1.5|8|0x1
0x1004c4e|500|50|2|10|2.3333|1.75|0x2
0x90a6a|5200|200|15|0|4|3|0x0
0x1004c3c|15000|450|20|20|6.8333|4|0x0
0x1004c35|50|10000|0.5|1|1.3|0.6522|0x5
0x10046c7|1000|100|1|23|0|3.4615|0x3
0x10046c4|950|250|5|15|2|2.14286|0x0
0x10046c3|950|125|4|2|2|3.21429|0x0
0x1000800|3000|800|7|120|2.3333|168|0x1
