0x4347|800|80|6|40|1.3|1.09091|0x4
0x1010e5e|200|60|10|25|1.3|1.56522|0x3
0x1010e5d|150|50|10|30|1.3|2.02174|0x3
0x1010e1f|10|100|1|20|0|2.3077|0x3
0x1524b3|750|50|10|30|1.3|2.02174|0x3
0x1010bef|25|10000|0.5|0|1.3|2.5|0x3
0x1010946|25|1000|0.5|35|1.3|0.6|0x5
0x10108c7|4500|250|1.2|50|1.6667|4.375|0x2
0x101031a|25|10000|0.5|0|1.3|2.5|0x3
0x100f91e|25|1000|0.5|35|1.3|0.6|0x5
0x100f91d|2500|500|3|40|0|2.30769|0x3
0x100f91c|20|250|2|7|0|2.53846|0x3
0x100f91b|50|50|2|11|0|3|0x3
0x100f91a|75|300|2|16|0|2.53846|0x3
0x100f919|2500|200|8|55|0|1.5|0x3
0x100f237|130|1000|1|30|3.3333|2.14286|0x0
0x100f236|130|1000|1|60|3.3333|2.14286|0x0
0x100f1e1|75|200|3|19|0|3.46154|0x3
0x100f1db|75|200|3|37|0|3.46154|0x3
0x100f1da|75|200|3|31|0|3.46154|0x3
0x100f1d9|75|200|3|26|0|3.46154|0x3
0x100f1d8|75|200|3|22|0|3.46154|0x3
0x100f091|130|1000|1|35|4|6|0x0
0x100e8f0|150|600|10|20|1.3|1.63043|0x3
0x100e8ef|100|150|1.5|29|1.6667|2.75|0x2
0x100e8ee|75|200|3|24|0|3.46154|0x3
0x100e6e3|40|200|3|15|0|2.30769|0x3
0x100dd79|5400|500|8.5|48|2|3.9|0x2
0x100c626|175|200|3|8|3|3.75|0x1
0x100bcb8|420|900|10|25|1.3|1.76087|0x3
0x100bcb7|150|600|10|20|1.3|1.63043|0x3
0x100bcb6|75|1000|0.5|30|1.3|0.658537|0x5
0x100bcb5|75|200|3|19|0|3|0x3
0x100bcb4|200|5|0.5|1|1.3|0.4054|0x5
0x100a38d|2500|100|6|45|1.3|1.36364|0x4
0x1009dbe|4500|250|1.2|33|1.6667|4.375|0x2
0x100996c|3750|600|11|26|2.3333|11|0x2
0x1008e1a|1750|150|1.5|29|1.6667|2.75|0x2
0x1000800|3000|800|7|120|2.3333|168|0x1
