0x1016a6f|1310|100|1|35|1.3|2.5|0x1
0x1016a6e|1310|100|1|200|1.3|2.5|0x1
0x1016a6d|1310|100|1|180|1.3|2.5|0x1
0x1016a6c|1310|100|1|160|1.3|2.5|0x1
0x1016a6b|1310|100|1|140|1.3|2.5|0x1
0x1016a6a|1310|100|1|120|1.3|2.5|0x1
0x1016a69|1310|100|1|75|1.3|2.5|0x1
0x1016a68|1310|100|1|65|1.3|2.5|0x1
0x1016a67|1310|100|1|55|1.3|2.5|0x1
0x1016a66|1310|100|1|45|1.3|2.5|0x1
0x1016a4b|3500|200|8|50|0|1.91053|0x3
0x57e8e|1070|1000|15|9|1.9667|15|0x0
0x14de1d|20|1000|2|20|1.3|0.878049|0x5
0x1012d1b|800|125|8|22|2.5|3.08183|0x1
0x101199e|13500|30|8|85|3.1667|1.57895|0x1
0x10112ba|6100|85|5.5|62|3|1.6071|0x2
0x1015dd3|8500|50|4|65|3|2.75|0x1
0x1015323|180|100|1|5|2.2|10|0x1
0x1015278|20|100|1|300|3|2.5|0x2
0x10141ca|0|100|0|25|0|1.57895|0x4
0x1012032|5000|100|1|60|3|2.5|0x2
0x10104dd|40|100|1|36|1.3|2.5|0x1
0x100fd3c|9500|500|27|36|4|7|0x2
0x100f83c|2400|120|4|55|1.43|1.65|0x4
0x100f806|1600|160|4|35|1.56|1.8|0x4
0x11a8e4|75|300|2|16|0|2.5385|0x3
0x100e5c3|75|5|0.5|1|1.3|0.5|0x6
0x100e39e|7500|500|27|26|4|7|0x2
0x100e389|3500|100|2|60|2|1.03448|0x1
0x100e386|3500|100|2|65|2|1.03448|0x1
0x100e381|3500|100|2|31|2|1.0345|0x1
0x100e37e|3500|100|2|55|2|1.03448|0x1
0x100e1b8|3500|100|2|55|2|1.0345|0x1
0x100e1b0|0|10000|0|0|1.3|2.5|0x3
0x100df84|1310|100|1|25|1.3|2.5|0x1
0x100c297|6000|125|15|65|0|1.0837|0x3
0x100c17a|0|200|1|24|3|3.75|0x1
0x100c127|1310|100|1|100|1.3|2.5|0x1
0x100bb5f|200|1000|1|60|1.3|0.878049|0x5
0x100bb5e|100|1000|1|40|1.43|0.804878|0x5
0x100b9cf|8000|75|4|65|3|2.5|0x1
0x100a28e|500|100|2|1|1.5|0.769231|0x1
0x100a28d|1310|100|1|38|1.3|2.5|0x1
0x100a13e|2500|100|4|34|1.3|1.3636|0x4
0x100a138|3500|100|3|28|1.3|1.3636|0x4
0x100a135|1500|200|3|21|1.3|1.3636|0x4
0x100a130|1500|150|4|21|1.3|1.09091|0x4
0x1009ffd|500|50|2|21|1.3|1.3636|0x4
0x1009701|4000|250|8|58|0|1.815|0x3
0x1000800|3000|800|7|120|2.3333|168|0x1
